[64, 16, [64, 64], [0.1, 0.1, 1, 0.01, 0.01, 1e-10], 0.01, 1]: 13.324831261765212, 7.512584461830556, 7.512507737148553, 7.51246251584962, 7.512449484318495, 7.512431241571903, 7.512346473056823, 7.5123896934092045, 7.5123407151550055, 7.512268915772438, 7.512262527830899, 7.512197206262499, 7.512090269010514, 7.512152242008597, 7.512032932136208, 7.512121460400522, 7.512012749444693, 7.511989548802376, 7.511944469995797, 7.512046623509377
[64, 16, [64, 64], [0.1, 0.1, 1, 0.01, 0.01, 1e-10], 0.01, 4]: 17.898493953049183, 14.590536644682288, 14.59034216310829, 14.590101247653365, 14.590103685855865, 14.590062144212425, 14.58993270713836, 14.589916323311627, 14.589729068800807, 14.589771846309304, 14.589620189741254, 14.589501013979316, 14.589413695037365, 14.589281992055476, 14.589172154664993, 14.589051702991128, 14.588907146826386, 14.588822537101805, 14.588959833607078, 14.588622665964067
[64, 16, [64, 64], [0.1, 0.1, 1, 0.01, 0.01, 1e-10], 0.001, 1]: 27.397926800418645, 7.734310235828161, 7.619773068930954, 7.593261103145778, 7.584246834740043, 7.5818557110615075, 7.575733467936516, 7.572322417516261, 7.5714248972944915, 7.570428014732897, 7.569750584661961, 7.569699018262327, 7.5701186480000615, 7.570756994187832, 7.568810191005468, 7.5694904322735965, 7.569039991591126, 7.568686202168465, 7.5695340358652174, 7.568827740848064
[64, 16, [64, 64], [0.1, 0.1, 1, 0.01, 0.01, 1e-10], 0.001, 4]: 30.28736794926226, 14.841466091573238, 14.711911513470113, 14.68180625885725, 14.67169062141329, 14.666394324041903, 14.662815070711076, 14.658584226854146, 14.656526511535048, 14.646544529125094, 14.645656001754105, 14.643872792832553, 14.642626504413784, 14.641801232472062, 14.64119682367891, 14.641518185846508, 14.64196166023612, 14.641774258576334, 14.642402175813913, 14.640529220923781
[64, 16, [64, 64], [0.1, 0.1, 1, 0.001, 0.001, 1e-10], 0.01, 1]: 12.773974367883056, 7.552480944432318, 7.552353794686496, 7.552317475900054, 7.552237696480006, 7.55211689742282, 7.551905037369579, 7.551818921230733, 7.551651076879352, 7.55166222108528, 7.551486539654434, 7.551393560133874, 7.5513093941845, 7.551139227114618, 7.551044789142907, 7.550960175227374, 7.550866276025772, 7.550769814755768, 7.550638139247894, 7.5505403354763985
[64, 16, [64, 64], [0.1, 0.1, 1, 0.001, 0.001, 1e-10], 0.01, 4]: 19.179893081076443, 14.627358490601182, 14.627342748455703, 14.62735243421048, 14.627282937057316, 14.627314354293048, 14.627304372377694, 14.627292292192578, 14.627285045571625, 14.627274353057146, 14.627190169878304, 14.627190404571593, 14.627189081162214, 14.627110850065947, 14.627106154337525, 14.62718129530549, 14.627074739895761, 14.627049229107797, 14.627026713453233, 14.62701190635562
[64, 16, [64, 64], [0.1, 0.1, 1, 0.001, 0.001, 1e-10], 0.001, 1]: 31.863518230617046, 7.8287916840054095, 7.686010345350951, 7.646232731640339, 7.629006549715996, 7.620986834634095, 7.616786781698465, 7.614494296256453, 7.613128922414035, 7.612261414527893, 7.611614525783807, 7.610932921990752, 7.609670753125101, 7.608645533211529, 7.606141334399581, 7.604494879487902, 7.603967561852187, 7.603303760755807, 7.602944555692375, 7.6027188412845135
[64, 16, [64, 64], [0.1, 0.1, 1, 0.001, 0.001, 1e-10], 0.001, 4]: 32.88362582214177, 14.738331351429224, 14.669307356700301, 14.659442271105945, 14.656431937590241, 14.655768135562539, 14.655521648004651, 14.655363001860678, 14.655350853689015, 14.65526358783245, 14.655208202078938, 14.655144420452416, 14.655063652433455, 14.654999803751707, 14.654948314651847, 14.654885903932154, 14.654798831790686, 14.654733926989138, 14.654676973819733, 14.654609099961817
[64, 16, [64, 64], [0.8, 0.8, 1, 0.01, 0.01, 1e-10], 0.01, 1]: 71.5667980723083, 60.52434863895178, 60.519921738654375, 60.51405356451869, 60.505234740674496, 60.48856828734279, 60.427936401218176, 59.83080501481891, 29.40780108765466, -0.6849909101729281, -1.401232109288685, -2.9075682583497837, -4.651224629022181, -4.398260265821591, 16.515343898208812, -5.637194328708574, 8.110840970475692, -7.669753045309335, 42.89989360887557, 60.46325819939375
[64, 16, [64, 64], [0.8, 0.8, 1, 0.01, 0.01, 1e-10], 0.01, 4]: 124.91013185679913, 117.33086723834276, 102.96111296035815, -1.0489619730506092, -2.840068336459808, -1.1200384786352515, 10.708885385654867, 117.62763721495867, 117.57149221748114, 117.52750582247972, 117.49385035037994, 117.46490065008402, 117.44111886620522, 117.42173334956169, 117.40235743671656, 116.30416171252728, 112.36913987994194, 109.0383320748806, 109.32599955052137, 109.1806646361947
[64, 16, [64, 64], [0.8, 0.8, 1, 0.01, 0.01, 1e-10], 0.001, 1]: 87.12699392810464, 60.28410940989852, 60.14829348400235, 60.05939149111509, 59.94695683568716, 59.78187157958746, 59.50748456642032, 59.04717222973704, 58.193383026868105, 56.42258121073246, 52.46405630558729, 45.099134027957916, 23.08469688030891, -0.4507364345481619, -0.8636081755394116, -0.921704990323633, -0.9802656921674497, -1.0418764880741946, -1.1071253814734519, -1.1804759823717177
[64, 16, [64, 64], [0.8, 0.8, 1, 0.01, 0.01, 1e-10], 0.001, 4]: 128.84414836019278, 116.7181584239006, 116.5266487300396, 116.17906871438026, 115.37193474918604, 112.93140993267298, 103.02558779716492, 78.63301527872682, 10.432891134987585, -0.811609615047928, -0.9003605195321143, -0.9983768327510916, -1.1079118390916847, -1.240766634058673, -1.3915370851755142, -1.5698208139510825, -1.7830130882794037, -2.028675375273451, -2.318212320096791, -2.6516854217043146
[64, 16, [64, 64], [0.8, 0.8, 1, 0.001, 0.001, 1e-10], 0.01, 1]: 68.15782416239381, 60.564542938023806, 60.55817265063524, 60.54910718277097, 60.53257795423269, 60.48744482174516, 60.14263512566686, 30.404294209491127, 0.009335351305708173, -0.011834589276986662, 0.008343458739545895, 0.0024012310495891143, -0.006972696301090764, 0.0013260915839055087, -0.0036845250324404333, -0.01722646352573065, -0.010664094912499422, -0.016716808902856428, -0.01886851870585815, -0.03658769624234992
[64, 16, [64, 64], [0.8, 0.8, 1, 0.001, 0.001, 1e-10], 0.01, 4]: 122.7457275763154, 110.9020055346191, 2.0253565131024516, -0.04214491103994078, -0.04634990508930059, -0.05450363433919847, -0.0639613562161685, -0.07368445655447431, -0.08229738757654559, -0.09780912363203242, -0.1058306610721047, -0.12340764839609619, -0.13850787354749627, -0.15450058081478346, -0.1756158434000099, -0.19636478388565592, -0.22327039203082677, -0.250234189996263, -0.2783219167322386, -0.31667430837114807
[64, 16, [64, 64], [0.8, 0.8, 1, 0.001, 0.001, 1e-10], 0.001, 1]: 87.0398120097816, 60.29601629823446, 60.21880090981722, 60.158139031380415, 60.07809131965041, 59.964084669947624, 59.79426722973585, 59.529718566685915, 59.08896142989397, 58.250579465180635, 56.36040746048093, 52.24094805493951, 45.019655257463455, 28.133865721407346, 0.42750635834090644, 0.026663605276553426, 0.022342089949233923, 0.02161407589665032, 0.02085270925090299, 0.020326273988757748
[64, 16, [64, 64], [0.8, 0.8, 1, 0.001, 0.001, 1e-10], 0.001, 4]: 130.5345870256424, 116.80511314421892, 116.5259601175785, 116.07072884589434, 115.01729255914688, 111.29090819507837, 92.47945408523083, 13.974261043491424, -0.007675088803807739, -0.01309559903893387, -0.014162332226987928, -0.015043725376017392, -0.016408803880040068, -0.01705261262395652, -0.01790384938067291, -0.01888008876267122, -0.019661929916765075, -0.020781325285497587, -0.021614013552607503, -0.022633448796113953
[64, 16, [16, 32, 64, 64], [0.1, 0.1, 1, 0.01, 0.01, 1e-10], 0.01, 1]: 10.86113846860826, 7.531271643936634, 7.522797849960625, 7.518987182993442, 7.5171755673363805, 7.515937078744173, 7.515177963301539, 7.514631127938628, 7.514141111634672, 7.513780567795038, 7.5135695789940655, 7.513344013132155, 7.5131891733035445, 7.513195434585214, 7.512916625477374, 7.512813363224268, 7.51257535116747, 7.512660454027355, 7.51245998730883, 7.512454958632588
[64, 16, [16, 32, 64, 64], [0.1, 0.1, 1, 0.01, 0.01, 1e-10], 0.01, 4]: 18.09339865203947, 14.611168381758034, 14.59980337601155, 14.594651184044778, 14.592425473965704, 14.591106991283596, 14.591050392016768, 14.59046985860914, 14.590067801997066, 14.58970829565078, 14.58957042824477, 14.589434748515487, 14.58920762874186, 14.589122818782926, 14.588985046371818, 14.588854362256825, 14.58881055843085, 14.58873872924596, 14.588681894354522, 14.588607804849744
[64, 16, [16, 32, 64, 64], [0.1, 0.1, 1, 0.01, 0.01, 1e-10], 0.001, 1]: 30.05663065612316, 7.678963689599186, 7.6358315902762115, 7.620316673535854, 7.609411167912185, 7.601277856621891, 7.595306610222906, 7.59061597334221, 7.5874401004984975, 7.5845438949763775, 7.5822595790959895, 7.5807401509955525, 7.579177921637893, 7.577917365822941, 7.576790898106992, 7.576039335690439, 7.575221247971058, 7.574517559725791, 7.57405143417418, 7.573843630962074
[64, 16, [16, 32, 64, 64], [0.1, 0.1, 1, 0.01, 0.01, 1e-10], 0.001, 4]: 23.789875679649413, 14.808168586343527, 14.730848425999284, 14.700285717844963, 14.683524492196739, 14.672695978544652, 14.664735740981996, 14.659678315743804, 14.656214714050293, 14.652391722425818, 14.649417084641755, 14.647557593882084, 14.645413336344063, 14.644007396884263, 14.64270193502307, 14.641377151943743, 14.640770671889186, 14.639856953173876, 14.639173873700202, 14.638207320123911
[64, 16, [16, 32, 64, 64], [0.1, 0.1, 1, 0.001, 0.001, 1e-10], 0.01, 1]: 12.469982489943504, 7.566579419653863, 7.558606998529285, 7.555457188282162, 7.553890412673354, 7.55299911275506, 7.552407484035939, 7.55206240946427, 7.551796236541122, 7.551613941788673, 7.551482386421412, 7.551371275447309, 7.5513004045933485, 7.55123268160969, 7.551185692194849, 7.551114521920681, 7.5511029730550945, 7.5510397450998425, 7.551013767719269, 7.5509993908926845
[64, 16, [16, 32, 64, 64], [0.1, 0.1, 1, 0.001, 0.001, 1e-10], 0.01, 4]: 17.97541266772896, 14.630310396663845, 14.628352970816195, 14.627883609384298, 14.627685863524675, 14.627595911733806, 14.627590789459646, 14.627527810633183, 14.627472656778991, 14.627444510348141, 14.62743825558573, 14.627431631088257, 14.627417497336864, 14.627410621382296, 14.62741434853524, 14.627419166266918, 14.627405414357781, 14.627407372929156, 14.627394553273916, 14.62740830797702
[64, 16, [16, 32, 64, 64], [0.1, 0.1, 1, 0.001, 0.001, 1e-10], 0.001, 1]: 22.090994213242084, 7.712198654655367, 7.684436813462526, 7.6728651421144605, 7.663608524482697, 7.655933393165469, 7.6495153731666505, 7.644058657344431, 7.639367842581123, 7.635343942325562, 7.631852727383375, 7.62880449090153, 7.626125118229538, 7.623764052521437, 7.621663690544665, 7.6198091907426715, 7.618145085405558, 7.616674619726837, 7.6152745224535465, 7.6140391156077385
[64, 16, [16, 32, 64, 64], [0.1, 0.1, 1, 0.001, 0.001, 1e-10], 0.001, 4]: 26.006016080267727, 14.687106933444738, 14.67805599514395, 14.676542392931879, 14.675431521609426, 14.674501738511026, 14.67367963027209, 14.67294458579272, 14.67230711132288, 14.671717029064894, 14.671188607811928, 14.670697294175625, 14.670255813747644, 14.669852500781417, 14.669478824362159, 14.66913233883679, 14.66881356574595, 14.668524883687496, 14.668246428482234, 14.667990429326892
[64, 16, [16, 32, 64, 64], [0.8, 0.8, 1, 0.01, 0.01, 1e-10], 0.01, 1]: 67.85375748202205, 60.53332446143031, 60.52514777332544, 60.51926847919822, 60.5167920589447, 60.51519023999572, 60.51302085444331, 60.511692490428686, 60.5102725289762, 60.509064342826605, 60.50796675682068, 60.5069004483521, 60.506011605262756, 60.50513759255409, 60.50432663038373, 60.50351434201002, 60.502895537763834, 60.50220833346248, 60.501582600176334, 60.501029781997204
[64, 16, [16, 32, 64, 64], [0.8, 0.8, 1, 0.01, 0.01, 1e-10], 0.01, 4]: 121.83597940951586, 117.37584817409515, 117.36210432648659, 117.35436473786831, 117.34851232171059, 117.34402331709862, 117.34003745019436, 117.33674421906471, 117.33376494795084, 117.33123420923948, 117.32901208102703, 117.3270834684372, 117.32540833950043, 117.32387262582779, 117.32252536714077, 117.32135041803122, 117.3202840834856, 117.3193928822875, 117.31854154914618, 117.31785491108894
[64, 16, [16, 32, 64, 64], [0.8, 0.8, 1, 0.01, 0.01, 1e-10], 0.001, 1]: 81.95212331786752, 60.423503417521715, 60.41491813585162, 60.40975112468004, 60.40664013847709, 60.40349044278264, 60.40103365108371, 60.39880670979619, 60.397058330476284, 60.39499717950821, 60.39367254450917, 60.39224215224385, 60.39117393270135, 60.38993015512824, 60.388845294713974, 60.388033516705036, 60.38697408884764, 60.38604849949479, 60.38570936396718, 60.38458734378219
[64, 16, [16, 32, 64, 64], [0.8, 0.8, 1, 0.01, 0.01, 1e-10], 0.001, 4]: 132.8103215098381, 117.19285587221384, 117.11220095306635, 117.07031209021807, 117.04576184600592, 117.03031272441149, 117.01961179822683, 117.01008215546608, 117.0025982633233, 116.99876084178686, 116.995705768466, 116.99287005513906, 116.9917353540659, 116.99005333334208, 116.98834405094385, 116.98668732494116, 116.98628582805395, 116.98447158187628, 116.98466096818447, 116.9834180995822
[64, 16, [16, 32, 64, 64], [0.8, 0.8, 1, 0.001, 0.001, 1e-10], 0.01, 1]: 68.8513085693121, 60.55598586425185, 60.54934739693999, 60.54623980820179, 60.544289246201515, 60.54278513789177, 60.54163657873869, 60.54068557545543, 60.53985810652375, 60.53908159583807, 60.53841255232692, 60.53780471161008, 60.53726152330637, 60.53673193976283, 60.53627301007509, 60.535861771553755, 60.53547016903758, 60.53512267023325, 60.534784976392984, 60.53448869287968
[64, 16, [16, 32, 64, 64], [0.8, 0.8, 1, 0.001, 0.001, 1e-10], 0.01, 4]: 124.6218857690692, 117.3686088398099, 117.36638932675123, 117.36454444378614, 117.36282958090305, 117.3613697886467, 117.36012347787619, 117.35899040848017, 117.35795249789953, 117.35714173316956, 117.35631202161312, 117.35565185546875, 117.35502815246582, 117.35451840609312, 117.35404486954212, 117.35363835841417, 117.35327714681625, 117.35290865600109, 117.35264951735735, 117.3524211794138
[64, 16, [16, 32, 64, 64], [0.8, 0.8, 1, 0.001, 0.001, 1e-10], 0.001, 1]: 78.02599299699068, 60.51096072793007, 60.48062886297703, 60.463628727942705, 60.452560126781464, 60.44482722133398, 60.439188469201326, 60.43493386358023, 60.43165830895305, 60.42907566949725, 60.426996905356646, 60.425343088805676, 60.423956882208586, 60.422453328967094, 60.42111635953188, 60.420233964920044, 60.419484946876764, 60.41886258125305, 60.41830997169018, 60.41782105714083
[64, 16, [16, 32, 64, 64], [0.8, 0.8, 1, 0.001, 0.001, 1e-10], 0.001, 4]: 126.90189523994923, 117.1488581597805, 117.10057426989079, 117.0754676386714, 117.0603934302926, 117.05054072290659, 117.04372374713421, 117.03880321234465, 117.03513488173485, 117.03235356509686, 117.03018496185541, 117.02851538360119, 117.0271338969469, 117.02606523782015, 117.02517196536064, 117.02441742271185, 117.02379201352596, 117.0232906639576, 117.02285697311163, 117.02249831706285
[64, 16, [32, 64, 128, 64], [0.1, 0.1, 1, 0.01, 0.01, 1e-10], 0.01, 1]: 10.385068845003843, 7.514227341860533, 7.512568708974868, 7.511926320381463, 7.511721116025001, 7.511632786132395, 7.511588760651648, 7.51148189464584, 7.511497023049742, 7.511447784490883, 7.511407978832722, 7.511404969263822, 7.511381672229618, 7.511360156349838, 7.511333375237882, 7.511290779337287, 7.511292650364339, 7.511241442523897, 7.511288462672383, 7.511209427844733
[64, 16, [32, 64, 128, 64], [0.1, 0.1, 1, 0.01, 0.01, 1e-10], 0.01, 4]: 17.07413801550865, 14.590562414377928, 14.589839296415448, 14.589746594429016, 14.58970014192164, 14.589724428020418, 14.589645693078637, 14.589701684191823, 14.58969851769507, 14.589668638072908, 14.589621889404953, 14.589512128382921, 14.589586764574051, 14.589605608023703, 14.58966819383204, 14.589537929743528, 14.589600124396384, 14.589663059450686, 14.589575752615929, 14.589468805119395
[64, 16, [32, 64, 128, 64], [0.1, 0.1, 1, 0.01, 0.01, 1e-10], 0.001, 1]: 25.69350594189018, 7.7280275407247245, 7.648825610522181, 7.619966255500913, 7.6024180967360735, 7.592393936123699, 7.586835207417607, 7.582916058599949, 7.580075272358954, 7.578186891973019, 7.576830710750073, 7.575574494898319, 7.575255482457578, 7.574327410198748, 7.573722189292312, 7.573493543546647, 7.572986613493413, 7.57269971491769, 7.572439030744135, 7.57199781620875
[64, 16, [32, 64, 128, 64], [0.1, 0.1, 1, 0.01, 0.01, 1e-10], 0.001, 4]: 21.637695658020675, 14.690696650184691, 14.651945102028549, 14.640923977829516, 14.63718069344759, 14.635361171327531, 14.634361322037876, 14.633813477121294, 14.633704653009772, 14.63324231095612, 14.633930303156376, 14.631728609092534, 14.630489729344845, 14.62986926920712, 14.630134399980307, 14.629819765686989, 14.629781200550497, 14.62981669139117, 14.629775181412697, 14.629821844398975
[64, 16, [32, 64, 128, 64], [0.1, 0.1, 1, 0.001, 0.001, 1e-10], 0.01, 1]: 11.334401769097894, 7.552001746371388, 7.550709303934127, 7.550329071469605, 7.550148296169937, 7.550068345852196, 7.549968556500971, 7.549986375961453, 7.549953903071582, 7.549929301720113, 7.549915987998247, 7.549901381134987, 7.54989753337577, 7.5498756230808794, 7.549860936123878, 7.549877869896591, 7.549858477432281, 7.549825565889478, 7.549825653899461, 7.549808856565505
[64, 16, [32, 64, 128, 64], [0.1, 0.1, 1, 0.001, 0.001, 1e-10], 0.01, 4]: 18.193792165257037, 14.627989711239934, 14.627708128653467, 14.62767730280757, 14.627673111855984, 14.627677341923118, 14.62767296563834, 14.627660065889359, 14.627658409066498, 14.627656444907188, 14.627653813920915, 14.627645818516612, 14.627640378661454, 14.627657427452505, 14.627644126303494, 14.627629363909364, 14.627631093375385, 14.627632204443216, 14.627618269994855, 14.627621721476316
[64, 16, [32, 64, 128, 64], [0.1, 0.1, 1, 0.001, 0.001, 1e-10], 0.001, 1]: 22.192166386637837, 7.764173700474203, 7.71148816216737, 7.6793212946504354, 7.657937479671091, 7.643317436333746, 7.6311662420630455, 7.623072776012123, 7.617424349300563, 7.613033888861537, 7.609557367861271, 7.6068231030367315, 7.604624697938561, 7.602802697103471, 7.6012925007380545, 7.600047457963228, 7.599023310467601, 7.598170632030815, 7.597443524282426, 7.596819813828915
[64, 16, [32, 64, 128, 64], [0.1, 0.1, 1, 0.001, 0.001, 1e-10], 0.001, 4]: 29.231425412930548, 14.773855694569647, 14.70072256308049, 14.683883992955089, 14.676817033439875, 14.672947093844414, 14.670438746921718, 14.66870210506022, 14.66743712220341, 14.666497198864818, 14.665802147239447, 14.665250470861793, 14.664823045022786, 14.664466089569032, 14.664139192551374, 14.663872835226357, 14.66369693633169, 14.663529232144356, 14.663397646509111, 14.663299564272165
[64, 16, [32, 64, 128, 64], [0.8, 0.8, 1, 0.01, 0.01, 1e-10], 0.01, 1]: 68.65361485630274, 60.52526867389679, 60.51779502630234, 60.5145034044981, 60.512411542236805, 60.51078926771879, 60.5094136595726, 60.508201610296965, 60.507106993347406, 60.506103333085775, 60.50517104193568, 60.504278875887394, 60.503468815237284, 60.502673991024494, 60.50196423381567, 60.50128596648574, 60.50068587809801, 60.5001208037138, 60.49952845275402, 60.49904280528426
[64, 16, [32, 64, 128, 64], [0.8, 0.8, 1, 0.01, 0.01, 1e-10], 0.01, 4]: 121.26741620898247, 117.37330330908298, 117.36314459145069, 117.35654807835817, 117.35123439133167, 117.34662935882807, 117.3425981104374, 117.33900650590658, 117.33597860485315, 117.3332991078496, 117.33089502155781, 117.3287754803896, 117.32696048170328, 117.325335778296, 117.32390716671944, 117.32260632514954, 117.32148461043835, 117.32051069289446, 117.3196564912796, 117.31883480399847
[64, 16, [32, 64, 128, 64], [0.8, 0.8, 1, 0.01, 0.01, 1e-10], 0.001, 1]: 78.34454273432493, 60.4603946916759, 60.42833871021867, 60.41233293712139, 60.403441574424505, 60.397780012339354, 60.393636114895344, 60.39024845138192, 60.38834095746279, 60.386864971369505, 60.385211024433374, 60.38404321670532, 60.38256249204278, 60.37999689206481, 60.37749672681093, 60.376061245799065, 60.37520985677838, 60.374340519309044, 60.373892933130264, 60.37337685003877
[64, 16, [32, 64, 128, 64], [0.8, 0.8, 1, 0.01, 0.01, 1e-10], 0.001, 4]: 129.96629198640585, 117.03517175465822, 117.01754359155893, 117.00914209336042, 117.00398341566324, 117.00026632845402, 116.99731301516294, 116.99502048641443, 116.99346374720335, 116.99227940291166, 116.99103100597858, 116.98988758027554, 116.98924770951271, 116.98854501545429, 116.98796587437391, 116.98708808422089, 116.98678102344275, 116.98645029962063, 116.98601105809212, 116.98569720238447
[64, 16, [32, 64, 128, 64], [0.8, 0.8, 1, 0.001, 0.001, 1e-10], 0.01, 1]: 69.43403041362762, 60.56423977762461, 60.56005325168371, 60.55767062678933, 60.55570029467344, 60.55395931378007, 60.55241569131613, 60.55091640353203, 60.54960257932544, 60.548348527401686, 60.54715719074011, 60.54611588642001, 60.54506539925933, 60.544127743691206, 60.54322212189436, 60.54239347949624, 60.541626904159784, 60.540898844599724, 60.540211614221334, 60.53960657119751
[64, 16, [32, 64, 128, 64], [0.8, 0.8, 1, 0.001, 0.001, 1e-10], 0.01, 4]: 122.70494934916496, 117.40122663974762, 117.39545354992151, 117.39051332324743, 117.38610416650772, 117.38218681514263, 117.37866063416004, 117.37556040287018, 117.37280255556107, 117.37034771591425, 117.36814241856337, 117.3661676645279, 117.36441994458437, 117.36285427957773, 117.36147082597017, 117.36021630465984, 117.35910086333752, 117.3581250011921, 117.35725705325603, 117.3564735725522
[64, 16, [32, 64, 128, 64], [0.8, 0.8, 1, 0.001, 0.001, 1e-10], 0.001, 1]: 76.67885729297996, 60.496167067438364, 60.466441068798304, 60.44881131127477, 60.43709139153361, 60.42932877317071, 60.42384425923228, 60.41982772946358, 60.416764587163925, 60.41277439519763, 60.41034320369363, 60.40872386842966, 60.4075031504035, 60.40656516328454, 60.40580202266574, 60.40517836809158, 60.40466331318021, 60.404234029352665, 60.40380994975567, 60.40345859155059
[64, 16, [32, 64, 128, 64], [0.8, 0.8, 1, 0.001, 0.001, 1e-10], 0.001, 4]: 135.34916007518768, 117.12219750136137, 117.07745356857777, 117.05661424994469, 117.04520508646965, 117.03834936022758, 117.03384467214346, 117.0307180583477, 117.02843119204044, 117.02669268846512, 117.02533739805222, 117.02425238490105, 117.02340705692768, 117.02269833534956, 117.02212021499872, 117.02164536714554, 117.02123632282019, 117.02090522646904, 117.02060093730688, 117.02033825963736
[64, 32, [64, 64], [0.1, 0.1, 1, 0.01, 0.01, 1e-10], 0.01, 1]: 12.28102959971875, 7.38373686093837, 7.383745457045734, 7.383770600892603, 7.383775456342846, 7.383710159920156, 7.383794129360467, 7.383717853110284, 7.383695421274751, 7.3837045561522245, 7.383704037871212, 7.383658118080348, 7.383594798389822, 7.383640023414046, 7.38364590331912, 7.383581960108131, 7.383606727235019, 7.383596651256084, 7.383598706685007, 7.383497716858983
[64, 32, [64, 64], [0.1, 0.1, 1, 0.01, 0.01, 1e-10], 0.01, 4]: 18.174305714666843, 14.33550924435258, 14.335481347516179, 14.335392421111465, 14.33538134302944, 14.33534196112305, 14.335309960879385, 14.335261850617826, 14.335212255828083, 14.335152755491436, 14.33514045458287, 14.335062575526536, 14.335031942464411, 14.335045022889972, 14.334970016032457, 14.334914909675717, 14.334834400564432, 14.334829933010042, 14.334812629036605, 14.334710547700524
[64, 32, [64, 64], [0.1, 0.1, 1, 0.01, 0.01, 1e-10], 0.001, 1]: 25.6953649725765, 7.542869723867625, 7.453673743177205, 7.440520744770765, 7.437647897284478, 7.436789683997631, 7.436591280158609, 7.436406925786287, 7.436397724784911, 7.436179029289633, 7.43602348305285, 7.435997612774372, 7.435681800823659, 7.435513639356941, 7.4355428060516715, 7.435410302598029, 7.4351705140434206, 7.435062190517783, 7.434934646356851, 7.434895114507526
[64, 32, [64, 64], [0.1, 0.1, 1, 0.01, 0.01, 1e-10], 0.001, 4]: 27.743252374231815, 14.502859325148165, 14.425511341542006, 14.396499646827579, 14.385172283276916, 14.384453705511987, 14.382196547463536, 14.37681703362614, 14.375439149327576, 14.374731251969934, 14.37436945643276, 14.374035033397377, 14.373871823772788, 14.373521442525089, 14.373302915133536, 14.372035223990679, 14.372057671658695, 14.371871071867645, 14.371794140897691, 14.371448194608092
[64, 32, [64, 64], [0.1, 0.1, 1, 0.001, 0.001, 1e-10], 0.01, 1]: 12.398744484875351, 7.423712078481913, 7.423655536025763, 7.423584285657853, 7.423517244402319, 7.423479650169611, 7.42340845707804, 7.423318304587156, 7.423232343513519, 7.423222228419036, 7.4230750519782305, 7.423070881515741, 7.422983629629016, 7.422935681417584, 7.422912378795445, 7.4227848197333515, 7.422779919579625, 7.4227034957148135, 7.42268195329234, 7.422615238465369
[64, 32, [64, 64], [0.1, 0.1, 1, 0.001, 0.001, 1e-10], 0.01, 4]: 19.142323166131973, 14.372733067721128, 14.37269176542759, 14.372662539593875, 14.372642085887492, 14.37263192795217, 14.372605741024017, 14.37258470710367, 14.372554352506995, 14.372553972527385, 14.372531874105334, 14.37252289429307, 14.372470117174089, 14.37248554173857, 14.37246160209179, 14.372443501837552, 14.372410795651376, 14.372394978068769, 14.372362420894206, 14.37237358558923
[64, 32, [64, 64], [0.1, 0.1, 1, 0.001, 0.001, 1e-10], 0.001, 1]: 25.972538931295276, 7.673266674391925, 7.528356475755572, 7.4957964275963604, 7.486210711300373, 7.482778351288289, 7.481447122991085, 7.480900299269706, 7.480532311368734, 7.48024887451902, 7.479980551172048, 7.4797775014303625, 7.479557896498591, 7.479335123673081, 7.47913897363469, 7.478938473854214, 7.478736944496632, 7.478521947748959, 7.4783342173323035, 7.478114674333483
[64, 32, [64, 64], [0.1, 0.1, 1, 0.001, 0.001, 1e-10], 0.001, 4]: 28.970038283616304, 14.474136310629547, 14.416287260130048, 14.40723841637373, 14.405476678162813, 14.405093712732196, 14.404987705871463, 14.404910358600318, 14.404862684197724, 14.404802755452693, 14.404778297059238, 14.404714013449848, 14.404667379334569, 14.404625597409904, 14.40457565896213, 14.40453170798719, 14.4045067736879, 14.404418514110148, 14.404401998966932, 14.404358856379986
[64, 32, [64, 64], [0.8, 0.8, 1, 0.01, 0.01, 1e-10], 0.01, 1]: 65.98256559669971, 59.50462291762233, 59.46386467665434, 59.20941947028041, 47.74124660715461, 14.175945537528605, -0.5233308033493813, -1.0719204086926766, -2.4291327904211357, 0.7173413286800496, 38.14390856958926, 12.441555840312503, -0.43153044299106114, -1.0496788857853971, -2.123590723494999, nan, nan, nan, nan, nan
[64, 32, [64, 64], [0.8, 0.8, 1, 0.01, 0.01, 1e-10], 0.01, 4]: 123.44381384551525, 115.26800806820393, 103.03976175189018, 0.10560802184045315, -2.460314432391897, 0.6096098530106246, 53.9611188772833, -0.9029688841546886, nan, nan, nan, nan, nan, nan, nan, nan, nan, nan, nan, nan
[64, 32, [64, 64], [0.8, 0.8, 1, 0.01, 0.01, 1e-10], 0.001, 1]: 81.03570252656937, 59.295066706836224, 59.181500777602196, 59.093728598207235, 59.003410160541534, 58.88072915747762, 58.697490733116865, 58.40422152727842, 57.89074494689703, 56.93314325809479, 54.83720675483346, 50.55801485478878, 44.11892791837454, 38.83461569622159, 35.75791987217963, 33.89594959281385, 32.54635996930301, 31.175636615604162, 16.91500003944384, 0.5066603462328203
[64, 32, [64, 64], [0.8, 0.8, 1, 0.01, 0.01, 1e-10], 0.001, 4]: 130.8363240286708, 114.7475945726037, 114.66944918781519, 114.58358573913574, 114.45756973326206, 114.25397112965584, 113.86710676550865, 112.9563652947545, 110.20784220099449, 99.07170337438583, 77.93840052187443, 66.89689488708973, 54.24424188584089, 1.0865944998513442, -0.4472310784913134, -0.5742119863862172, -0.6242416797322221, -0.673780580284074, -0.7315266442019492, -0.7972211010637693
[64, 32, [64, 64], [0.8, 0.8, 1, 0.001, 0.001, 1e-10], 0.01, 1]: 67.84776725620031, 59.305225785821676, 48.64917015098035, 3.132617380380907, 0.0038369809662981424, -0.0017880053619592218, -0.006614521105802851, 0.0003636353612819221, -0.003595918879000237, -0.011890123070770642, -0.0074183124052069616, -0.01086903469695244, -0.01410215777286794, -0.014854213215585332, -0.009316757870692527, -0.016973830610368168, -0.025210216819687048, -0.02291755519399885, -0.014124591663858155, -0.019907901561964536
[64, 32, [64, 64], [0.8, 0.8, 1, 0.001, 0.001, 1e-10], 0.01, 4]: 121.15735724568367, 110.68763279169798, 12.36652289256017, -0.034344590625551064, -0.042686118689744035, -0.05062172123871278, -0.06131431540416088, -0.0702097522225813, -0.0800952111458173, -0.08887780955410562, -0.10148733926325804, -0.11082098708720878, -0.12144276664912468, -0.13903644178935792, -0.14658013347070664, -0.16419317219697405, -0.16167595428123605, -0.1628680089052068, 62.944766694214195, 1.1063488377312751
[64, 32, [64, 64], [0.8, 0.8, 1, 0.001, 0.001, 1e-10], 0.001, 1]: 82.68792012706399, 59.461027439683676, 59.27265467867255, 59.2040546387434, 59.14561349898577, 59.07273832336068, 58.97112953662872, 58.82118061557412, 58.587396908551455, 58.199747163802385, 57.50067047774792, 56.10364641994238, 53.09092357009649, 47.32253532111645, 41.057915549725294, 37.0289222151041, 34.596694339066744, 32.72838763706386, 20.089819694985636, 0.6278911861663801
[64, 32, [64, 64], [0.8, 0.8, 1, 0.001, 0.001, 1e-10], 0.001, 4]: 129.39806596934795, 114.23536385595798, 113.43463069200516, 111.35824894160032, 103.17503019422293, 82.19695193320513, 62.053367614746094, 1.6992189242882887, -0.007209593346487964, -0.014788808752200566, -0.01579441543435678, -0.016743143132771365, -0.017643802933889674, -0.0186048949835822, -0.01945769329176983, -0.020350845781649696, -0.02129863177469815, -0.02199821719841566, -0.022804707801697077, -0.023685044285230106
[64, 32, [16, 32, 64, 64], [0.1, 0.1, 1, 0.01, 0.01, 1e-10], 0.01, 1]: 10.933726763818413, 7.3994668810628355, 7.392511455342174, 7.38780384324491, 7.386114043183625, 7.38525267643854, 7.385034027509391, 7.384785428177565, 7.384722830727696, 7.384753462858498, 7.38465025043115, 7.384734733961523, 7.384695641230792, 7.384606721345335, 7.38462924817577, 7.384622514247894, 7.384615710005164, 7.3845657841302454, 7.384552168659866, 7.384615771472454
[64, 32, [16, 32, 64, 64], [0.1, 0.1, 1, 0.01, 0.01, 1e-10], 0.01, 4]: 17.71723433677107, 14.35487783048302, 14.348074095323682, 14.345690227113664, 14.344757323153317, 14.343890434131026, 14.343449821695685, 14.343155408278108, 14.340674774721265, 14.337304407730699, 14.33556761778891, 14.335141886025667, 14.334903839044273, 14.33466531895101, 14.334585968405008, 14.334502577781677, 14.334485126659274, 14.334454028867185, 14.334429918788373, 14.334407543763518
[64, 32, [16, 32, 64, 64], [0.1, 0.1, 1, 0.01, 0.01, 1e-10], 0.001, 1]: 25.12752056820318, 7.670522245578468, 7.597191737499088, 7.559477643109858, 7.533678191713989, 7.515354126226157, 7.501493310090154, 7.490856295451522, 7.482142662629485, 7.475226558744907, 7.469504227396101, 7.464611809235066, 7.4605201138183475, 7.4567670919932425, 7.453363485634327, 7.451268638949841, 7.449420630931854, 7.447889005765319, 7.446548926644027, 7.44522433495149
[64, 32, [16, 32, 64, 64], [0.1, 0.1, 1, 0.01, 0.01, 1e-10], 0.001, 4]: 23.39645049907267, 14.50764452572912, 14.466224206611514, 14.44362501334399, 14.428984398022294, 14.418900668621063, 14.411418298259377, 14.405829823575914, 14.401376279070973, 14.397801401093602, 14.394888035021722, 14.392571914941072, 14.390452437102795, 14.388607968576252, 14.387114231474698, 14.385901236906648, 14.3847222533077, 14.38384572789073, 14.382837870158255, 14.38212959561497
[64, 32, [16, 32, 64, 64], [0.1, 0.1, 1, 0.001, 0.001, 1e-10], 0.01, 1]: 11.728449083864689, 7.439701907802373, 7.429568812716752, 7.426383841782808, 7.425034948159009, 7.4243525131605566, 7.423958408180624, 7.423708837479353, 7.423559300135821, 7.423472305759788, 7.423381896689534, 7.423317004926503, 7.423277612309903, 7.423226848710328, 7.423193111550063, 7.423187668900937, 7.423151447903365, 7.423123713117093, 7.4231029422953725, 7.423076235689223
[64, 32, [16, 32, 64, 64], [0.1, 0.1, 1, 0.001, 0.001, 1e-10], 0.01, 4]: 16.503609863109887, 14.379726830869913, 14.375297958031297, 14.37379932589829, 14.373076613992453, 14.372698869556189, 14.372486062347889, 14.372361960820854, 14.372282795608044, 14.372238864190876, 14.372130535542965, 14.37210513278842, 14.372078889980912, 14.372064623050392, 14.372055066749454, 14.371981868520379, 14.372015657834709, 14.372006486169994, 14.371976951137185, 14.371982566080987
[64, 32, [16, 32, 64, 64], [0.1, 0.1, 1, 0.001, 0.001, 1e-10], 0.001, 1]: 20.15294703282416, 7.586277415975928, 7.548499967902899, 7.535708969924599, 7.526296781376004, 7.518658107612282, 7.512289903592318, 7.506938273087144, 7.5023771626874804, 7.498462945222855, 7.495091759134084, 7.492156171705574, 7.48958895355463, 7.487336132675409, 7.485347999725491, 7.48358352528885, 7.482010483276099, 7.480605965014547, 7.479344923514873, 7.478210647590458
[64, 32, [16, 32, 64, 64], [0.1, 0.1, 1, 0.001, 0.001, 1e-10], 0.001, 4]: 23.79499812424183, 14.56856726668775, 14.516202256083488, 14.488089330494404, 14.470298198983073, 14.457981371320784, 14.448926049284637, 14.441933824680746, 14.436414661817253, 14.431969420053065, 14.428331155329943, 14.425307808443904, 14.422786482609808, 14.420650252141058, 14.418838585726917, 14.417237020097673, 14.415857074782252, 14.414656955748796, 14.4135952135548, 14.41266512684524
[64, 32, [16, 32, 64, 64], [0.8, 0.8, 1, 0.01, 0.01, 1e-10], 0.01, 1]: 63.91546558961272, 59.567277908325195, 59.553980335593224, 59.54609256610274, 59.54042712971568, 59.53583142161369, 59.532228853553534, 59.52875968068838, 59.524273090064526, 59.52098435163498, 59.518102303147316, 59.515604581683874, 59.513441268354654, 59.511375054717064, 59.50952698662877, 59.50798651948571, 59.50641033053398, 59.50508077815175, 59.50382777303457, 59.502656418830156
[64, 32, [16, 32, 64, 64], [0.8, 0.8, 1, 0.01, 0.01, 1e-10], 0.01, 4]: 117.69007033109665, 115.45699324458838, 115.4314654096961, 115.41355869919062, 115.39835869520903, 115.38425460457802, 115.3718730211258, 115.3621078133583, 115.35371454060078, 115.34632442891598, 115.33982835710049, 115.33414704352617, 115.32921513170004, 115.3247627839446, 115.3209220468998, 115.31754913181067, 115.31449397653341, 115.31187006831169, 115.3095858246088, 115.30749859660864
[64, 32, [16, 32, 64, 64], [0.8, 0.8, 1, 0.01, 0.01, 1e-10], 0.001, 1]: 77.66055049747229, 59.512230072170496, 59.47595313191414, 59.45423721894622, 59.43909240886569, 59.427737925201654, 59.41898899525404, 59.41199990734458, 59.406297750771046, 59.401468735188246, 59.39744105935097, 59.3940472304821, 59.39109302312136, 59.38863838836551, 59.38645648956299, 59.38444036617875, 59.38268485292792, 59.381197955459356, 59.37980081513524, 59.37853114306927
[64, 32, [16, 32, 64, 64], [0.8, 0.8, 1, 0.01, 0.01, 1e-10], 0.001, 4]: 127.37156654149294, 115.07487051934004, 115.02130749821663, 114.99098706245422, 114.97053036093712, 114.95556202530861, 114.94369088858366, 114.93366251885891, 114.92489533871412, 114.91694667935371, 114.90947461873293, 114.9017441868782, 114.89451310038567, 114.88723437488079, 114.87962427735329, 114.8716459274292, 114.86308513581753, 114.85377389937639, 114.84350860863924, 114.83165638893843
[64, 32, [16, 32, 64, 64], [0.8, 0.8, 1, 0.001, 0.001, 1e-10], 0.01, 1]: 64.14099603891373, 59.59134354814887, 59.578652527183294, 59.57184065133333, 59.567110653966665, 59.56338592991233, 59.56028530374169, 59.55760098993778, 59.55523385852575, 59.553103648126125, 59.55116827785969, 59.5493946634233, 59.54776329547167, 59.546253487467766, 59.54485293850303, 59.54351615533233, 59.542305279523134, 59.54116925224662, 59.54012209177017, 59.53912381455302
[64, 32, [16, 32, 64, 64], [0.8, 0.8, 1, 0.001, 0.001, 1e-10], 0.01, 4]: 119.94173101335764, 115.37317344546318, 115.36305134743452, 115.35693257302046, 115.35235060751438, 115.34867230057716, 115.34562639892101, 115.34305472671986, 115.34084648638964, 115.33893033862114, 115.33728790283203, 115.33586623519659, 115.33463019132614, 115.33356171101332, 115.33264023810625, 115.33183873444796, 115.33116637915373, 115.33054639399052, 115.33000664412975, 115.32953990995884
[64, 32, [16, 32, 64, 64], [0.8, 0.8, 1, 0.001, 0.001, 1e-10], 0.001, 1]: 91.87843507155776, 59.485183112323284, 59.46730713173747, 59.45491053909063, 59.445476323366165, 59.43794211372733, 59.431719079613686, 59.42650709673762, 59.422066289931536, 59.418258000165224, 59.414972350001335, 59.412130545824766, 59.40965661406517, 59.40745101124048, 59.40552219748497, 59.403816409409046, 59.40229055657983, 59.400936119258404, 59.39970871061087, 59.39860523864627
[64, 32, [16, 32, 64, 64], [0.8, 0.8, 1, 0.001, 0.001, 1e-10], 0.001, 4]: 130.95779895037413, 115.14088437706232, 115.07989557087421, 115.05103855580091, 115.03367669135332, 115.0218513160944, 115.01332868635654, 115.0069447606802, 115.00204075872898, 114.99817781150341, 114.99507604539394, 114.9925450310111, 114.99046119302511, 114.98871595412493, 114.9872424826026, 114.98599224537611, 114.98490966111422, 114.98396289348602, 114.98313358426094, 114.98241642862558
[64, 32, [32, 64, 128, 64], [0.1, 0.1, 1, 0.01, 0.01, 1e-10], 0.01, 1]: 12.179310875479132, 7.390752695966512, 7.385670633520931, 7.384755271021277, 7.384555149823427, 7.384455227293074, 7.384392523672432, 7.3843490849249065, 7.384363218676299, 7.384308333043009, 7.384295009076595, 7.384267934132367, 7.3842574008740485, 7.384209441021085, 7.384219384752214, 7.384241996333003, 7.384228266775608, 7.384188595227897, 7.384215060155839, 7.3841994549147785
[64, 32, [32, 64, 128, 64], [0.1, 0.1, 1, 0.01, 0.01, 1e-10], 0.01, 4]: 16.783547014929354, 14.33809326402843, 14.335414708591998, 14.334823465906084, 14.334451067261398, 14.334338825196028, 14.334295951761305, 14.334247360937297, 14.334222922101617, 14.334215492010117, 14.3342031147331, 14.334193564020097, 14.334186223335564, 14.334199574775994, 14.334187308326364, 14.334183956496418, 14.334182605147362, 14.334182626567781, 14.334178852848709, 14.334161386825144
[64, 32, [32, 64, 128, 64], [0.1, 0.1, 1, 0.01, 0.01, 1e-10], 0.001, 1]: 29.32487861160189, 7.518451971001923, 7.479893994983286, 7.466149581596255, 7.457396233920008, 7.451732082758099, 7.447714793030173, 7.444658654276282, 7.442474147770554, 7.440757557749748, 7.439368042163551, 7.438367804978043, 7.437536475714296, 7.436804103199393, 7.436143146827817, 7.435849649831653, 7.435371730476618, 7.435288829728961, 7.434914824087173, 7.434765140060335
[64, 32, [32, 64, 128, 64], [0.1, 0.1, 1, 0.01, 0.01, 1e-10], 0.001, 4]: 27.9554723193869, 14.416299214586616, 14.388729848898947, 14.383086846210063, 14.380253730341792, 14.378517374396324, 14.377279124222696, 14.377288647927344, 14.37704769615084, 14.3766198027879, 14.376064666546881, 14.376036765053868, 14.375828974880278, 14.37587037216872, 14.37570736091584, 14.375826303847134, 14.375598627142608, 14.375685533508658, 14.375552466139197, 14.375542435795069
[64, 32, [32, 64, 128, 64], [0.1, 0.1, 1, 0.001, 0.001, 1e-10], 0.01, 1]: 10.793769211508334, 7.4271448836661875, 7.424278574064374, 7.423197947908193, 7.4227362857200205, 7.422463561873883, 7.422318783123046, 7.422222261782736, 7.422146626282483, 7.422079983633012, 7.4220441076904535, 7.422019602265209, 7.422004048712552, 7.4220043630339205, 7.421990583650768, 7.4219861682504416, 7.421979346778244, 7.421961778309196, 7.4219649587757885, 7.421963369939476
[64, 32, [32, 64, 128, 64], [0.1, 0.1, 1, 0.001, 0.001, 1e-10], 0.01, 4]: 16.63743549399078, 14.37333002500236, 14.372599041089416, 14.372510188259184, 14.372517545707524, 14.372471544891596, 14.372476782649755, 14.372439000755548, 14.372439127415419, 14.372406685724854, 14.37235944159329, 14.372386013157666, 14.372364705428481, 14.372344203293324, 14.37232912145555, 14.372313202358782, 14.372296675108373, 14.372280513867736, 14.372281440533698, 14.372231353074312
[64, 32, [32, 64, 128, 64], [0.1, 0.1, 1, 0.001, 0.001, 1e-10], 0.001, 1]: 25.970808000769466, 7.556213630363345, 7.514454073738307, 7.499423488974571, 7.4901355360634625, 7.483887043315917, 7.479422882664949, 7.4760702648200095, 7.4735211529769, 7.471577253192663, 7.470054756384343, 7.468868650496006, 7.467923351563513, 7.46717292862013, 7.466580096632242, 7.46609635418281, 7.465706459712237, 7.465389677789062, 7.46513187745586, 7.464933012146503
[64, 32, [32, 64, 128, 64], [0.1, 0.1, 1, 0.001, 0.001, 1e-10], 0.001, 4]: 29.251244467683136, 14.51803415082395, 14.452278468757868, 14.431443767622113, 14.421339902095497, 14.415730745531619, 14.412375275045633, 14.410258331336081, 14.40881443861872, 14.40784661564976, 14.407112885266542, 14.406573532149196, 14.406158090569079, 14.405840389430523, 14.405586494132876, 14.405383510515094, 14.405212851241231, 14.405074487440288, 14.404953563585877, 14.40486613009125
[64, 32, [32, 64, 128, 64], [0.8, 0.8, 1, 0.01, 0.01, 1e-10], 0.01, 1]: 65.89769653975964, 59.5054097622633, 59.49978167563677, 59.497573617845774, 59.496204536408186, 59.495222348719835, 59.49441044777632, 59.49374433234334, 59.49316590279341, 59.49265103414655, 59.49220185354352, 59.491791628301144, 59.49141588434577, 59.491064835339785, 59.490748055279255, 59.49044647067785, 59.49018478393555, 59.48993428051472, 59.48970655351877, 59.489487897604704
[64, 32, [32, 64, 128, 64], [0.8, 0.8, 1, 0.01, 0.01, 1e-10], 0.01, 4]: 119.50189781934023, 115.32748106122017, 115.32152456045151, 115.31629517674446, 115.31270651519299, 115.3120236620307, 115.3092248365283, 115.30566128343344, 115.30422613024712, 115.30078975111246, 115.29927285760641, 115.29797445237637, 115.29681681841612, 115.2958193719387, 115.29495552182198, 115.29419626295567, 115.29354927688837, 115.29298110306263, 115.29248481988907, 115.29206094890833
[64, 32, [32, 64, 128, 64], [0.8, 0.8, 1, 0.01, 0.01, 1e-10], 0.001, 1]: 77.05906927585602, 59.45490911230445, 59.42601543664932, 59.40889976173639, 59.397668186575174, 59.38964681327343, 59.38372074812651, 59.37918538227677, 59.37550149857998, 59.37263425812125, 59.369556184858084, 59.36712070554495, 59.36547636985779, 59.364133447408676, 59.36310425028205, 59.36218811944127, 59.36155305802822, 59.36083534359932, 59.36029502004385, 59.35994725674391
[64, 32, [32, 64, 128, 64], [0.8, 0.8, 1, 0.01, 0.01, 1e-10], 0.001, 4]: 128.95000087469816, 115.0236468911171, 114.98389682173729, 114.96747456490993, 114.95926660299301, 114.95464280247688, 114.9519810155034, 114.95010870695114, 114.9490576684475, 114.94840509444475, 114.94778326898813, 114.94741851836443, 114.94716455042362, 114.94692246615887, 114.94678294658661, 114.94653567671776, 114.94657491147518, 114.94627693295479, 114.94470869749784, 114.94073157012463
[64, 32, [32, 64, 128, 64], [0.8, 0.8, 1, 0.001, 0.001, 1e-10], 0.01, 1]: 68.6671612560749, 59.546029698103666, 59.54372112825513, 59.54225988313556, 59.54098333418369, 59.5397789478302, 59.53869113326073, 59.53770351782441, 59.53675761073828, 59.535895343869925, 59.5351019538939, 59.534361343830824, 59.53368788212538, 59.533049646764994, 59.53247568011284, 59.5319136865437, 59.53141352906823, 59.530929267406464, 59.53048985078931, 59.530086651444435
[64, 32, [32, 64, 128, 64], [0.8, 0.8, 1, 0.001, 0.001, 1e-10], 0.01, 4]: 120.44690527021885, 115.42489363253117, 115.41233804821968, 115.4024897441268, 115.39393852651119, 115.38635768741369, 115.37960451841354, 115.3750999122858, 115.36811978369951, 115.36356519162655, 115.35931897908449, 115.35541179031134, 115.3521193638444, 115.34919152408838, 115.34799069166183, 115.34853329509497, 115.3458714261651, 115.3436006680131, 115.34152530878782, 115.33984383940697
[64, 32, [32, 64, 128, 64], [0.8, 0.8, 1, 0.001, 0.001, 1e-10], 0.001, 1]: 76.6196882687509, 59.62071943283081, 59.510647151619196, 59.462158527225256, 59.435955848544836, 59.42032082378864, 59.41035935655236, 59.403753101825714, 59.39916595071554, 59.39591017737985, 59.39351466298103, 59.39171325042844, 59.390324488282204, 59.389235466718674, 59.38838144764304, 59.38768096268177, 59.387152668088675, 59.38666157796979, 59.38627889379859, 59.38597210124135
[64, 32, [32, 64, 128, 64], [0.8, 0.8, 1, 0.001, 0.001, 1e-10], 0.001, 4]: 124.9338477998972, 115.03146813064814, 115.00116850435734, 114.9890761077404, 114.98268835246563, 114.97882078588009, 114.97636818885803, 114.97483772784472, 114.97371549904346, 114.97295192629099, 114.97239894419909, 114.971973054111, 114.97164972871542, 114.97138328105211, 114.9711619913578, 114.97096383571625, 114.9708085283637, 114.97067084908485, 114.9705302938819, 114.97040048986673
[128, 16, [128, 128], [0.1, 0.1, 1, 0.01, 0.01, 1e-10], 0.01, 1]: 13.893566299695522, 7.512816607952118, 7.512848370708525, 7.512714720331132, 7.512813671026379, 7.512747080996633, 7.512646078132093, 7.512631898280233, 7.51263828156516, 7.512574126012623, 7.512570659164339, 7.512615718413144, 7.5125323589891195, 7.512509148567915, 7.512400982901454, 7.512400100938976, 7.512407072819769, 7.512424209155142, 7.512375788297504, 7.512355758342892
[128, 16, [128, 128], [0.1, 0.1, 1, 0.01, 0.01, 1e-10], 0.01, 4]: 21.424986194819212, 14.590233033522964, 14.59022231400013, 14.59018795285374, 14.59024783410132, 14.590207343921065, 14.590167577378452, 14.590169089846313, 14.590182463638484, 14.590130616910756, 14.59012037422508, 14.5901087122038, 14.590098234824836, 14.590084237977862, 14.590090504847467, 14.590065314434469, 14.590064427815378, 14.590045997872949, 14.59001830406487, 14.590015832334757
[128, 16, [128, 128], [0.1, 0.1, 1, 0.01, 0.01, 1e-10], 0.001, 1]: 29.62077747611329, 7.666642953641713, 7.59654771303758, 7.58445321302861, 7.577162102330476, 7.5713474014773965, 7.567299359943718, 7.5676916860975325, 7.5694425464607775, 7.5675381240434945, 7.5682474435307086, 7.566581777762622, 7.566903101280332, 7.567444392479956, 7.567716438323259, 7.5666671842336655, 7.567471506074071, 7.567502835765481, 7.5665594125166535, 7.567021620459855
[128, 16, [128, 128], [0.1, 0.1, 1, 0.01, 0.01, 1e-10], 0.001, 4]: 29.03970646765083, 14.666676020249724, 14.637909261509776, 14.632845360785723, 14.635409342125058, 14.634061805903912, 14.633997356519103, 14.633246144279838, 14.632062837481499, 14.633517294190824, 14.631792551837862, 14.63415178656578, 14.630378345027566, 14.631918579339981, 14.630387380719185, 14.630783064290881, 14.63318233937025, 14.633128533139825, 14.63528145942837, 14.630395133979619
[128, 16, [128, 128], [0.1, 0.1, 1, 0.001, 0.001, 1e-10], 0.01, 1]: 14.316618094686419, 7.549918256234378, 7.54991211835295, 7.549876872915775, 7.549931868445128, 7.549883081577718, 7.549873406067491, 7.549890746828169, 7.549863538239151, 7.549859732855111, 7.549850827548653, 7.549853730946779, 7.54982461547479, 7.549812652170658, 7.5498234131373465, 7.5498489532619715, 7.549829858355224, 7.549788272473961, 7.549789696466178, 7.549768790602684
[128, 16, [128, 128], [0.1, 0.1, 1, 0.001, 0.001, 1e-10], 0.01, 4]: 21.373218927532434, 14.63060948997736, 14.629552241414785, 14.629504594020545, 14.629490584135056, 14.629387006163597, 14.629407316446304, 14.629348825663328, 14.629302762448788, 14.629320850595832, 14.629231955856085, 14.629259618930519, 14.629197624512017, 14.629132469184697, 14.629145599901676, 14.6291335625574, 14.62911912985146, 14.629068726673722, 14.629065186716616, 14.629004744812846
[128, 16, [128, 128], [0.1, 0.1, 1, 0.001, 0.001, 1e-10], 0.001, 1]: 33.57260885415599, 7.6572952922433615, 7.611103635746986, 7.602172513492405, 7.600360922515392, 7.60001446865499, 7.5997923742979765, 7.599674708675593, 7.599534382112324, 7.599404991604388, 7.599301884416491, 7.599153065122664, 7.599052084144205, 7.598904290702194, 7.598813625983894, 7.598696146160364, 7.598581207916141, 7.598441630601883, 7.598364500328898, 7.598265685141087
[128, 16, [128, 128], [0.1, 0.1, 1, 0.001, 0.001, 1e-10], 0.001, 4]: 32.646628432907164, 14.694536457769573, 14.673892764374614, 14.672953573986888, 14.672782551497221, 14.67259665299207, 14.672451227903366, 14.672402331605554, 14.672329894267023, 14.672102827578783, 14.67199569940567, 14.67189459502697, 14.671801265329123, 14.671609777957201, 14.671463701874018, 14.67133742198348, 14.67130182031542, 14.671162671409547, 14.671058158390224, 14.6709506213665
[128, 16, [128, 128], [0.8, 0.8, 1, 0.01, 0.01, 1e-10], 0.01, 1]: 69.92022149637341, 60.53179478645325, 60.49692751467228, 60.20150035619736, 29.84068185527576, -0.6848106280958746, -1.6902856557862833, -3.5970981350401416, 64.40585970133543, 60.94969695806503, 60.856267634779215, 60.78778667002916, 60.73718278110027, 60.698146261274815, 60.667209547013044, 60.64221224561334, 60.62190342694521, 60.60463910549879, 60.590319968760014, 60.57818975299597
[128, 16, [128, 128], [0.8, 0.8, 1, 0.01, 0.01, 1e-10], 0.01, 4]: 125.36374337226152, 117.37138353288174, 101.4389813428279, -1.0744580740865786, -0.2171409329166636, -1.1262649362906814, 91.64709496987052, 117.74210650473833, 117.66461415588856, 117.60292299836874, 117.55635899305344, 117.51898498088121, 117.48850630223751, 117.46332672983408, 117.4423112347722, 117.42462961375713, 117.40960205346346, 117.39674279093742, 117.38537303358316, 117.37582015991211
[128, 16, [128, 128], [0.8, 0.8, 1, 0.01, 0.01, 1e-10], 0.001, 1]: 86.80889209359884, 60.254437275230885, 60.17508278042078, 60.09543937817216, 59.97194493189454, 59.77141447737813, 59.4352498985827, 58.81158485263586, 57.42961237952113, 54.40160669386387, 47.97048017755151, 34.6576258642599, 0.6389716139819939, -0.5970316104940139, -0.6527577022789046, -0.7068322392879054, -0.7717051759245805, -0.8393050451995805, -0.9173617053311318, -1.0049693044857122
[128, 16, [128, 128], [0.8, 0.8, 1, 0.01, 0.01, 1e-10], 0.001, 4]: 137.51033849269152, 116.59513299912214, 116.33677091449499, 115.78965963423252, 114.25367247313261, 108.19785688072443, 87.13549179583788, 29.603350040270016, -0.5473068736318965, -0.6586926554446109, -0.7279721198719926, -0.8066630756366067, -0.9042019688058645, -1.027723652718123, -1.1805479792528786, -1.3551073191920295, -1.5631117658922449, -1.8091153327841312, -2.1013811577577144, -2.4577845034655184
[128, 16, [128, 128], [0.8, 0.8, 1, 0.001, 0.001, 1e-10], 0.01, 1]: 69.58111163973808, 60.577828876674175, 60.552488658577204, 60.43756007403135, 49.909039552730974, 0.020737167262268486, -0.0029340549917833414, -0.000598446586081991, -0.011134372267406434, -0.016863379805727163, -0.021873673256777693, -0.026012579593952978, -0.03565925742441323, -0.03919045914517483, -0.05108683279831894, -0.05212157759524416, -0.06530757548898691, -0.07862372026283992, -0.08865757098101312, -0.09632824533764506
[128, 16, [128, 128], [0.8, 0.8, 1, 0.001, 0.001, 1e-10], 0.01, 4]: 124.28397669643164, 117.16015232354403, 41.42655123781515, -0.014581609742890578, -0.027047836334531894, -0.025422412996704224, -0.04053048713831231, -0.05621195787534816, -0.0738490697403904, -0.08491332519042771, -0.0986983371549286, -0.11867535205965396, -0.1418098751892103, -0.16829346696613356, -0.2000711481377948, -0.23437859710247722, -0.27677642476919573, -0.32328251222497784, -0.37051014075404964, -0.3713044140895363
[128, 16, [128, 128], [0.8, 0.8, 1, 0.001, 0.001, 1e-10], 0.001, 1]: 87.35477216541767, 60.35817537456751, 60.21857347339392, 60.12902446836233, 60.00504668056965, 59.81778606399894, 59.503882829099894, 58.927380070090294, 57.74659967049956, 55.08546966686845, 49.34531009569764, 41.348575226962566, 17.090909105492756, 0.2931523597762862, 0.04690206423038035, 0.03964940263176686, 0.04011284593434539, 0.03928463319607545, 0.03863334249763284, 0.03772820116500952
[128, 16, [128, 128], [0.8, 0.8, 1, 0.001, 0.001, 1e-10], 0.001, 4]: 135.9582490324974, 116.82997050136328, 116.7316175326705, 116.5593661814928, 116.21369402855635, 115.37814540416002, 112.650789514184, 100.6737816259265, 57.345490609062836, 0.290365027878579, 0.00794449861132307, 0.0062499328814737964, 0.00528420283444575, 0.0043032672510889824, 0.0028406124365574215, 0.002208392197644571, 0.0008359331695828587, -0.00013246983871795237, -0.0010121770210389514, -0.0018300259944226127
[128, 16, [32, 64, 128, 128], [0.1, 0.1, 1, 0.01, 0.01, 1e-10], 0.01, 1]: 11.894971712958068, 7.5219845455139875, 7.517631254158914, 7.51588232209906, 7.514921144582331, 7.514367721043527, 7.514080067630857, 7.513876001816243, 7.513716898392886, 7.513558092992753, 7.513501086272299, 7.513379114214331, 7.513310897164047, 7.5132413962855935, 7.513182792812586, 7.51311394199729, 7.513020479585975, 7.513006438501179, 7.512988065369427, 7.512917205225676
[128, 16, [32, 64, 128, 128], [0.1, 0.1, 1, 0.01, 0.01, 1e-10], 0.01, 4]: 17.885793537832797, 14.591436669230461, 14.590872198343277, 14.590855410322547, 14.590744480490685, 14.590668546967208, 14.590711733326316, 14.590682040899992, 14.590699971653521, 14.590699162334204, 14.590666705742478, 14.590626873075962, 14.590649668127298, 14.590594707988203, 14.590562179684639, 14.590539867989719, 14.590546827763319, 14.590563295409083, 14.590509485453367, 14.590521999634802
[128, 16, [32, 64, 128, 128], [0.1, 0.1, 1, 0.01, 0.01, 1e-10], 0.001, 1]: 27.511734983418137, 7.716916402801871, 7.641019688453525, 7.614822996780276, 7.600326538551599, 7.591895621735603, 7.586277848575264, 7.582373654469848, 7.579779213760048, 7.5778342434205115, 7.576449711341411, 7.575276017654687, 7.574028853327036, 7.573558778036386, 7.5729284677654505, 7.5725563750602305, 7.572275293059647, 7.5719934976659715, 7.571802361402661, 7.571552802808583
[128, 16, [32, 64, 128, 128], [0.1, 0.1, 1, 0.01, 0.01, 1e-10], 0.001, 4]: 26.462216841056943, 14.764907540753484, 14.70039769820869, 14.67721049953252, 14.664408944547176, 14.657412620261312, 14.65204424597323, 14.648960101418197, 14.646342088468373, 14.645073682069778, 14.644151210784912, 14.643100928515196, 14.642266470007598, 14.641739287413657, 14.641154684126377, 14.640888835303485, 14.640408340841532, 14.64015256613493, 14.639937315136194, 14.639888525009155
[128, 16, [32, 64, 128, 128], [0.1, 0.1, 1, 0.001, 0.001, 1e-10], 0.01, 1]: 10.813251406885684, 7.560505262110382, 7.554847024381161, 7.552660298068076, 7.551624814979732, 7.551072872709483, 7.55076964199543, 7.550548843108118, 7.5504204742610455, 7.550300310365856, 7.550216636154801, 7.550154596567154, 7.550087357871234, 7.550027448218316, 7.54998932685703, 7.5499873594380915, 7.549985603429377, 7.549973939079791, 7.5499717821367085, 7.549966349732131
[128, 16, [32, 64, 128, 128], [0.1, 0.1, 1, 0.001, 0.001, 1e-10], 0.01, 4]: 18.402185254730284, 14.634431036189198, 14.630005969665945, 14.62896523065865, 14.62857916764915, 14.628369787707925, 14.62826038338244, 14.628225128166378, 14.628206760622561, 14.6281797029078, 14.62815187126398, 14.628164320252836, 14.628148835152388, 14.628142112866044, 14.628131739795208, 14.628116677515209, 14.628135056234896, 14.628138017840683, 14.628114759922028, 14.628108875826001
[128, 16, [32, 64, 128, 128], [0.1, 0.1, 1, 0.001, 0.001, 1e-10], 0.001, 1]: 23.996350910048932, 7.8870251146145165, 7.775636161211878, 7.723524377215654, 7.6909852074459195, 7.671409443952143, 7.657737422734499, 7.646972568240017, 7.639845512807369, 7.63448983291164, 7.630222668405622, 7.626740938052535, 7.623721124138683, 7.621227151248604, 7.619136391673237, 7.6172663806937635, 7.615692755207419, 7.614260467234999, 7.612875247839838, 7.61181623255834
[128, 16, [32, 64, 128, 128], [0.1, 0.1, 1, 0.001, 0.001, 1e-10], 0.001, 4]: 26.741832259111106, 14.885274788364768, 14.808407820761204, 14.768534455448389, 14.743471128866076, 14.72651475854218, 14.71440128609538, 14.705280719324946, 14.698421924374998, 14.693103476427495, 14.688881976529956, 14.685368028469384, 14.682440837845206, 14.680086144246161, 14.67813204228878, 14.676485699601471, 14.675083676353097, 14.673866930417717, 14.672818643972278, 14.671901767142117
[128, 16, [32, 64, 128, 128], [0.8, 0.8, 1, 0.01, 0.01, 1e-10], 0.01, 1]: 70.29908303171396, 60.51945847645402, 60.51104858145118, 60.50750447809696, 60.50532505661249, 60.50400970876217, 60.502801813185215, 60.50192383676767, 60.50112231820822, 60.5004345998168, 60.49992374703288, 60.499363265931606, 60.498973958194256, 60.49853644520044, 60.49816807359457, 60.4977981261909, 60.49750968068838, 60.49722046032548, 60.49692953750491, 60.49669333919883
[128, 16, [32, 64, 128, 128], [0.8, 0.8, 1, 0.01, 0.01, 1e-10], 0.01, 4]: 121.38873545080423, 117.34171551465988, 117.33520393818617, 117.3315137475729, 117.32911422103643, 117.32693423330784, 117.32516695559025, 117.32361175119877, 117.32223368436098, 117.32102844119072, 117.32004947215319, 117.31912565231323, 117.3182995095849, 117.31761118024588, 117.31702575087547, 117.31651122868061, 117.31603586673737, 117.31561905145645, 117.31525023281574, 117.31490369141102
[128, 16, [32, 64, 128, 128], [0.8, 0.8, 1, 0.01, 0.01, 1e-10], 0.001, 1]: 85.65072413533926, 60.51658593118191, 60.463106498122215, 60.43669841811061, 60.42075630277395, 60.410377234220505, 60.40243564173579, 60.39725762978196, 60.39302445575595, 60.38974271342158, 60.38711102306843, 60.385044038295746, 60.38315939158201, 60.381581738591194, 60.38039281591773, 60.379404187202454, 60.37806045264006, 60.37704511359334, 60.37631421163678, 60.37559038028121
[128, 16, [32, 64, 128, 128], [0.8, 0.8, 1, 0.01, 0.01, 1e-10], 0.001, 4]: 130.731068007648, 117.07677541673183, 117.04529861360788, 117.02942033857107, 117.01907762140036, 117.01262174546719, 117.00775577872992, 117.00466756522655, 117.00210981070995, 117.00032848864794, 116.99884037673473, 116.99769090861082, 116.996731325984, 116.99591833353043, 116.99553494155407, 116.99479614198208, 116.99403659254313, 116.99391504377127, 116.99361534416676, 116.99316704273224
[128, 16, [32, 64, 128, 128], [0.8, 0.8, 1, 0.001, 0.001, 1e-10], 0.01, 1]: 66.7208750769496, 60.564136046916246, 60.5565948151052, 60.55344259366393, 60.5513563901186, 60.54978773742914, 60.54851112142205, 60.54725523293018, 60.546330861747265, 60.545195546001196, 60.54430012404919, 60.543427146971226, 60.54263726994395, 60.54189768061042, 60.541218250989914, 60.54054753109813, 60.5399558134377, 60.53943272680044, 60.53884611278772, 60.53835327550769
[128, 16, [32, 64, 128, 128], [0.8, 0.8, 1, 0.001, 0.001, 1e-10], 0.01, 4]: 121.53504744917154, 117.43604071438313, 117.42358400672674, 117.41448459029198, 117.4069748967886, 117.40055839717388, 117.39498035609722, 117.39009809494019, 117.38576940447092, 117.38188627362251, 117.37849505990744, 117.37544944137335, 117.37278576940298, 117.37032284587622, 117.36815396696329, 117.36621088534594, 117.36450203508139, 117.3629751726985, 117.36158481240273, 117.36038815975189
[128, 16, [32, 64, 128, 128], [0.8, 0.8, 1, 0.001, 0.001, 1e-10], 0.001, 1]: 79.71727079898119, 60.64487872645259, 60.57635350897908, 60.53741791471839, 60.512072414159775, 60.49437116831541, 60.48127856850624, 60.47134222090244, 60.46355928480625, 60.45732893049717, 60.45221998170018, 60.448000974953175, 60.44446316361427, 60.44146343320608, 60.438895124942064, 60.43667874112725, 60.43474570661783, 60.433071222156286, 60.431584268808365, 60.43019808456302
[128, 16, [32, 64, 128, 128], [0.8, 0.8, 1, 0.001, 0.001, 1e-10], 0.001, 4]: 129.41422407329082, 117.10502675175667, 117.08125781267881, 117.06727180629969, 117.05794744938612, 117.0517765879631, 117.04715059697628, 117.04359167069197, 117.040805503726, 117.03855127096176, 117.03666187822819, 117.03510920703411, 117.03381843864918, 117.03254651278257, 117.03144866973162, 117.03053637593985, 117.02973229438066, 117.02904596924782, 117.02844970673323, 117.02791855484247
[128, 16, [64, 128, 256, 128], [0.1, 0.1, 1, 0.01, 0.01, 1e-10], 0.01, 1]: 11.178627484012395, 7.512380548287183, 7.511281680781394, 7.511180917266756, 7.511096754577011, 7.511132169049233, 7.5110795591026545, 7.5110818217508495, 7.511021037120372, 7.511113913729787, 7.511075443588197, 7.511064091231674, 7.511023029219359, 7.510969254653901, 7.510977930389345, 7.510954977013171, 7.5109665472991765, 7.510952323675156, 7.510923693422228, 7.510875819250941
[128, 16, [64, 128, 256, 128], [0.1, 0.1, 1, 0.01, 0.01, 1e-10], 0.01, 4]: 17.613244174979627, 14.591326694004238, 14.590351867489517, 14.590241312980652, 14.590177076868713, 14.590149168856442, 14.590112778358161, 14.590152909047902, 14.59014127124101, 14.590111664496362, 14.5900795487687, 14.590035018511117, 14.590063695795834, 14.589980062097311, 14.59005927760154, 14.590001214295626, 14.589985322207212, 14.589989414438605, 14.589955581352115, 14.589966110885143
[128, 16, [64, 128, 256, 128], [0.1, 0.1, 1, 0.01, 0.01, 1e-10], 0.001, 1]: 24.208336433395743, 7.709826602600515, 7.639743573963642, 7.610853573773056, 7.596045684535056, 7.587024454493076, 7.581124902702868, 7.577403136063367, 7.574695930816233, 7.5724775874987245, 7.571083537768573, 7.5694835293106735, 7.5689259502105415, 7.568237595260143, 7.567325504031032, 7.5672119660303, 7.566467872820795, 7.565981152933091, 7.565552136860788, 7.565529907122254
[128, 16, [64, 128, 256, 128], [0.1, 0.1, 1, 0.01, 0.01, 1e-10], 0.001, 4]: 30.81996408291161, 14.700291470624506, 14.653491755016148, 14.644676680676639, 14.641352226957679, 14.639513656497002, 14.638976475223899, 14.638328676111996, 14.638111349195242, 14.63783724885434, 14.637569483369589, 14.63464464340359, 14.633295145817101, 14.63308652676642, 14.633044206537306, 14.632743219844997, 14.632673590444028, 14.632891383953393, 14.632691962644458, 14.63263716455549
[128, 16, [64, 128, 256, 128], [0.1, 0.1, 1, 0.001, 0.001, 1e-10], 0.01, 1]: 11.65677459910512, 7.551196420099586, 7.550188850611448, 7.549994265660644, 7.549914271570742, 7.549918537959456, 7.549910729750991, 7.5499114617705345, 7.549914279021323, 7.549911023583263, 7.549910414032638, 7.549907527863979, 7.54990259418264, 7.549890912137926, 7.549904068000615, 7.549891552422196, 7.549910748843104, 7.549898712895811, 7.549902560189366, 7.549910047557205
[128, 16, [64, 128, 256, 128], [0.1, 0.1, 1, 0.001, 0.001, 1e-10], 0.01, 4]: 17.955553608946502, 14.62851429823786, 14.628194860182703, 14.628104169853032, 14.628050142899156, 14.62802420090884, 14.62801593542099, 14.627980229444802, 14.627963093109429, 14.627950793132186, 14.627945683896542, 14.62792256474495, 14.627928956411779, 14.627912254072726, 14.627899069339037, 14.627881745807827, 14.627870502881706, 14.627868924289942, 14.627869617193937, 14.62784912250936
[128, 16, [64, 128, 256, 128], [0.1, 0.1, 1, 0.001, 0.001, 1e-10], 0.001, 1]: 24.35410874756053, 7.787258409895003, 7.696627703029662, 7.658710357733071, 7.63848602771759, 7.6265140157192945, 7.61887173447758, 7.613541541155428, 7.609773078467697, 7.607006516773254, 7.604795844759792, 7.60294362809509, 7.601579342037439, 7.600546951871365, 7.599662959575653, 7.598953790497035, 7.598347867373377, 7.597839046269655, 7.597325964830816, 7.596884917933494
[128, 16, [64, 128, 256, 128], [0.1, 0.1, 1, 0.001, 0.001, 1e-10], 0.001, 4]: 25.369376020506024, 14.76160500664264, 14.711782514117658, 14.690610075369477, 14.679614841006696, 14.6735081942752, 14.66985372453928, 14.667581933550537, 14.666067020967603, 14.665076962672174, 14.664380226284266, 14.663888128474355, 14.66352285631001, 14.663265832699835, 14.663077748380601, 14.662935307249427, 14.66283937357366, 14.662752229720354, 14.662643760442734, 14.66258647479117
[128, 16, [64, 128, 256, 128], [0.8, 0.8, 1, 0.01, 0.01, 1e-10], 0.01, 1]: 68.42787793278694, 60.536740731447935, 60.53193263337016, 60.52944315597415, 60.5270972661674, 60.52498383447528, 60.52292500063777, 60.52093179523945, 60.51919699087739, 60.51748723164201, 60.5159701295197, 60.51447143778205, 60.513075679540634, 60.51175595447421, 60.51055837422609, 60.50940150395036, 60.5082511305809, 60.507332134991884, 60.50635797902942, 60.505497463047504
[128, 16, [64, 128, 256, 128], [0.8, 0.8, 1, 0.01, 0.01, 1e-10], 0.01, 4]: 121.13754864782095, 117.4228892698884, 117.41097506135702, 117.4005391523242, 117.39117044210434, 117.38288994133472, 117.37543358653784, 117.36882533878088, 117.36293721944094, 117.35763730108738, 117.35280738025904, 117.34855864197016, 117.34474769234657, 117.34133997559547, 117.33825518190861, 117.33553890138865, 117.33311715722084, 117.33089040964842, 117.32893740385771, 117.32714083045721
[128, 16, [64, 128, 256, 128], [0.8, 0.8, 1, 0.01, 0.01, 1e-10], 0.001, 1]: 78.4668590053916, 60.44207174703479, 60.40385517477989, 60.38830681145191, 60.38071383163333, 60.37683801725507, 60.374576576054096, 60.37332694604993, 60.37233720347285, 60.37210297584534, 60.37166444212198, 60.371328972280025, 60.371393371373415, 60.371130242943764, 60.37111931294203, 60.37108816206455, 60.37091974169016, 60.37090902775526, 60.37084552273154, 60.37087146192789
[128, 16, [64, 128, 256, 128], [0.8, 0.8, 1, 0.01, 0.01, 1e-10], 0.001, 4]: 130.91282808035612, 117.04579050838947, 117.01444677263498, 117.00159348547459, 116.99454760551453, 116.99044001102448, 116.98776058107615, 116.98577034473419, 116.98414819687605, 116.98315970599651, 116.98250260949135, 116.98161844909191, 116.98058446496725, 116.9798547104001, 116.97924338281155, 116.97891752421856, 116.97809670120478, 116.97744329273701, 116.97666501253843, 116.97622685879469
[128, 16, [64, 128, 256, 128], [0.8, 0.8, 1, 0.001, 0.001, 1e-10], 0.01, 1]: 67.2667485550046, 60.570301324129105, 60.56580239906907, 60.56320442631841, 60.561146542429924, 60.5592756010592, 60.55751362070441, 60.555826399475336, 60.55426526814699, 60.55279654636979, 60.551380790770054, 60.55007805302739, 60.54885407909751, 60.547700457274914, 60.546607717871666, 60.545616038143635, 60.5446411408484, 60.54374983161688, 60.542934000492096, 60.54212373495102
[128, 16, [64, 128, 256, 128], [0.8, 0.8, 1, 0.001, 0.001, 1e-10], 0.01, 4]: 120.78172217309475, 117.41436326503754, 117.40647961199284, 117.39960164576769, 117.39358063787222, 117.38833817094564, 117.38369007408619, 117.37964657694101, 117.37611509859562, 117.37300147861242, 117.37030433118343, 117.36791686713696, 117.36583675444126, 117.36397925019264, 117.36240930110216, 117.36097034066916, 117.35971554368734, 117.35865545272827, 117.35765529423952, 117.35675233602524
[128, 16, [64, 128, 256, 128], [0.8, 0.8, 1, 0.001, 0.001, 1e-10], 0.001, 1]: 81.6422210149467, 60.617863196879625, 60.52764466404915, 60.47983744740486, 60.45698442310095, 60.442056622356176, 60.432546973228455, 60.426236402243376, 60.42178271710873, 60.41854948550463, 60.41614068299532, 60.41432121768594, 60.4129301905632, 60.41182981058955, 60.410981841385365, 60.41029066219926, 60.40973537415266, 60.40928339213133, 60.40889638662338, 60.40858814492822
[128, 16, [64, 128, 256, 128], [0.8, 0.8, 1, 0.001, 0.001, 1e-10], 0.001, 4]: 130.23421086370945, 117.0792644098401, 117.04809832572937, 117.03603781014681, 117.02968235313892, 117.02573342621326, 117.02304154634476, 117.02113483846188, 117.01970908790827, 117.01859290897846, 117.0177089869976, 117.01698968559504, 117.01640433073044, 117.01587561517954, 117.0154472142458, 117.01504997909069, 117.0146896764636, 117.01432540267706, 117.01336677372456, 117.01326739788055
[128, 32, [128, 128], [0.1, 0.1, 1, 0.01, 0.01, 1e-10], 0.01, 1]: 14.519527242984623, 7.384958200156689, 7.384944637306035, 7.384916448500007, 7.384912224020809, 7.384888628963381, 7.384892282541841, 7.384868598077446, 7.384848206304014, 7.384844314772636, 7.384820139966905, 7.384818829130381, 7.384790546260774, 7.384760762564838, 7.384794093668461, 7.384763293899596, 7.384726771619171, 7.384741367772222, 7.384737080894411, 7.384691270068288
[128, 32, [128, 128], [0.1, 0.1, 1, 0.01, 0.01, 1e-10], 0.01, 4]: 20.028963452205062, 14.335278848186135, 14.335248423740268, 14.33523187506944, 14.335133242420852, 14.33514943998307, 14.335159164853394, 14.335144560784101, 14.335069271735847, 14.335004284977913, 14.33502279035747, 14.334945769049227, 14.334915676154196, 14.334930196404457, 14.334852265194058, 14.33482847455889, 14.334763089194894, 14.334801683202386, 14.334646536037326, 14.334717926569283
[128, 32, [128, 128], [0.1, 0.1, 1, 0.01, 0.01, 1e-10], 0.001, 1]: 33.894646955654025, 7.536758511792868, 7.470729265362024, 7.464143004268408, 7.457693225238472, 7.455860229209065, 7.452754473313689, 7.453299933113158, 7.454125105403364, 7.4517414616420865, 7.450609664898366, 7.449565002229065, 7.449126094579697, 7.448639217764139, 7.448048604186624, 7.447993305046111, 7.4482097970321774, 7.447505122516304, 7.447070142254233, 7.446592713240534
[128, 32, [128, 128], [0.1, 0.1, 1, 0.01, 0.01, 1e-10], 0.001, 4]: 29.625818200409412, 14.3902991367504, 14.381176507100463, 14.380181595683098, 14.379946405999362, 14.380039972253144, 14.379989814013243, 14.380024782381952, 14.379517167806625, 14.379397274926305, 14.379551044665277, 14.379167327657342, 14.37911100871861, 14.378942845389247, 14.378555989824235, 14.3786755874753, 14.377360470592976, 14.372161133214831, 14.372094941325486, 14.370324580930173
[128, 32, [128, 128], [0.1, 0.1, 1, 0.001, 0.001, 1e-10], 0.01, 1]: 14.339537834282964, 7.423519455827773, 7.423470177222043, 7.423497833311558, 7.423363407608122, 7.423309618607163, 7.423251169268042, 7.423222437966615, 7.4231472266837955, 7.423115669284016, 7.423068071715534, 7.423038052860647, 7.4230129276402295, 7.4229521965608, 7.422893014736474, 7.422884314786643, 7.422822907101363, 7.422775057144463, 7.422720686998218, 7.422705695498735
[128, 32, [128, 128], [0.1, 0.1, 1, 0.001, 0.001, 1e-10], 0.01, 4]: 20.8149049077183, 14.3727301126346, 14.372744803316891, 14.372746179811656, 14.372714644297957, 14.372713123448193, 14.37267619650811, 14.372703238390386, 14.37267790734768, 14.372674403712153, 14.372646501287818, 14.372654819861054, 14.372651831246912, 14.37264733016491, 14.3726398749277, 14.372607300058007, 14.37263229675591, 14.37261235807091, 14.37260350678116, 14.372597547248006
[128, 32, [128, 128], [0.1, 0.1, 1, 0.001, 0.001, 1e-10], 0.001, 1]: 35.75982569018379, 7.569256680086255, 7.49418880045414, 7.4828313696198165, 7.480363589711487, 7.47945241490379, 7.479158918373287, 7.478835069574416, 7.478645010385662, 7.478414365556091, 7.478189241141081, 7.477992656175047, 7.477735784370452, 7.477546981070191, 7.477309293113649, 7.477095984388143, 7.476924781221896, 7.476719370111823, 7.47652480751276, 7.4763108915649354
[128, 32, [128, 128], [0.1, 0.1, 1, 0.001, 0.001, 1e-10], 0.001, 4]: 29.46822524536401, 14.448373218998313, 14.413932866416872, 14.412761420942843, 14.412616125307977, 14.41250389907509, 14.41241835616529, 14.412282234057784, 14.412195448763669, 14.41208083089441, 14.41196888871491, 14.411864303052425, 14.411768856458366, 14.411649721674621, 14.411558903753757, 14.41135311126709, 14.411323972046375, 14.411193936131895, 14.411120407283306, 14.411014693789184
[128, 32, [128, 128], [0.8, 0.8, 1, 0.01, 0.01, 1e-10], 0.01, 1]: 70.46023336797953, 59.544378738850355, 59.53849899768829, 59.53082153201103, 59.51908025145531, 59.493448842316866, 59.3905250094831, 53.37745510786772, nan, nan, nan, nan, nan, nan, nan, nan, nan, nan, nan, nan
[128, 32, [128, 128], [0.8, 0.8, 1, 0.01, 0.01, 1e-10], 0.01, 4]: 123.05008867383003, 115.21692452579737, 61.5159000895801, -1.2053222655958962, -0.5503832615795545, -0.7243582329247147, 11.808717608393636, 41.48000341828447, 4.898835493862862, 13.618939422711264, 1.5158219754812308, 8.81460775033338, nan, nan, nan, nan, nan, nan, nan, nan
[128, 32, [128, 128], [0.8, 0.8, 1, 0.01, 0.01, 1e-10], 0.001, 1]: 86.51710715517402, 59.21142040938139, 59.12585772946477, 59.051493395119905, 58.95067208260298, 58.7980530411005, 58.54929460585117, 58.10128102451563, 57.27101479843259, 55.49554551765323, 51.6330044567585, 45.21872156113386, 39.32982313260436, 35.62099453806877, 32.44923599623144, 4.17049620958278, -0.19776003336301073, -0.41839666943997145, -0.4733363907726016, -0.5140767724951729
[128, 32, [128, 128], [0.8, 0.8, 1, 0.01, 0.01, 1e-10], 0.001, 4]: 129.87057819962502, 114.69743005931377, 114.53320616483688, 114.23463098704815, 113.55620311945677, 111.50854717195034, 102.90747125446796, 81.11965054273605, 44.161651061614975, -0.49343360838247463, -0.7605971422162838, -0.8482331282575615, -0.9491290703881532, -1.0650124363601208, -1.201947317342274, -1.3578348374576308, -1.544024319271557, -1.7605216189986095, -2.018660681671463, -2.320435037370771
[128, 32, [128, 128], [0.8, 0.8, 1, 0.001, 0.001, 1e-10], 0.01, 1]: 68.97980097308755, 59.51764069125056, 59.23864569142461, 39.192985674817464, 0.038317445549182594, 0.016469886100821896, 0.01319871939267614, 0.010870131645788206, 0.007449649727277574, 0.009433341769181425, 0.0014086148148635402, 0.0014503535167023074, -0.003828385040833382, -0.006303040885541122, -0.010666953628970077, -0.00969303128294996, -0.011723263593012234, -0.015470729958906304, -0.015805047205503797, -0.01780036900890991
[128, 32, [128, 128], [0.8, 0.8, 1, 0.001, 0.001, 1e-10], 0.01, 4]: 123.34243805706501, 115.3247034624219, 94.8633968308568, 36.004605254611306, 0.015529357286141021, 0.010712778755987529, 0.004610934258380439, -0.002498516780178761, -0.010368564842792694, -0.018720087817200692, -0.02734729045914719, -0.038890520423592534, -0.04601550403458532, -0.05694862330710748, -0.07588646423391765, -0.08563794220390264, -0.07305780863680411, -0.10442318167770281, 0.09678414020163473, -0.11497415440680925
[128, 32, [128, 128], [0.8, 0.8, 1, 0.001, 0.001, 1e-10], 0.001, 1]: 84.26669787988067, 59.369674134999514, 59.33663469552994, 59.3206388130784, 59.30229056626558, 59.27854076772928, 59.24691169708967, 59.203989662230015, 59.14407891407609, 59.057801093906164, 58.92860351130366, 58.72522874176502, 58.38206094875932, 57.74510755762458, 56.44164381176233, 53.47231054678559, 47.78286902233958, 41.40373845398426, 37.25285470113158, 34.83385847322643
[128, 32, [128, 128], [0.8, 0.8, 1, 0.001, 0.001, 1e-10], 0.001, 4]: 129.1394754126668, 114.03126608580351, 112.74688770622015, 107.92646838724613, 90.94663546234369, 72.51960759609938, 64.4262343198061, 18.41349330068624, 0.05535056163353147, 0.017958945580176078, 0.01632993683233508, 0.015223327336570946, 0.014282614200055832, 0.01320580707033514, 0.012259314247785369, 0.011336740950355306, 0.010501494667551015, 0.009550895487336675, 0.008727969536266755, 0.007863473500037799
[128, 32, [32, 64, 128, 128], [0.1, 0.1, 1, 0.01, 0.01, 1e-10], 0.01, 1]: 10.512220435775816, 7.40008037397638, 7.390240209642798, 7.387154933530837, 7.385819741524756, 7.38529459387064, 7.384966386016458, 7.384806311223656, 7.38475429546088, 7.384688762947917, 7.3846751525998116, 7.384640704840422, 7.384613304398954, 7.384622099809349, 7.384606319013983, 7.3846135549247265, 7.384606189094484, 7.384609243366867, 7.38461342966184, 7.384597600903362
[128, 32, [32, 64, 128, 128], [0.1, 0.1, 1, 0.01, 0.01, 1e-10], 0.01, 4]: 17.271086178719997, 14.340513793751597, 14.3357870047912, 14.335144186392426, 14.335000858642161, 14.334937024861574, 14.334918613545597, 14.334899805486202, 14.334887254983187, 14.334881160408258, 14.33486143592745, 14.334878209978342, 14.334844914264977, 14.33485793042928, 14.334845422767103, 14.334816847927868, 14.33483216445893, 14.334793501533568, 14.334819006733596, 14.33480306621641
[128, 32, [32, 64, 128, 128], [0.1, 0.1, 1, 0.01, 0.01, 1e-10], 0.001, 1]: 22.808699709828943, 7.590392466168851, 7.529466498177499, 7.501100294291973, 7.484328489284962, 7.4734805268235505, 7.465638076420873, 7.459976135287434, 7.455441128462553, 7.451846607495099, 7.44902282115072, 7.446689540054649, 7.444706059526652, 7.442982714623213, 7.441752298735082, 7.4405206479132175, 7.439536400604993, 7.438672823365778, 7.437901822850108, 7.43721423111856
[128, 32, [32, 64, 128, 128], [0.1, 0.1, 1, 0.01, 0.01, 1e-10], 0.001, 4]: 25.733670490793884, 14.507097610272467, 14.445210885256529, 14.421866071410477, 14.409150637686253, 14.401693412102759, 14.3967171786353, 14.393492684699595, 14.3908781548962, 14.388965267688036, 14.387362074106932, 14.386161487549543, 14.385113977827132, 14.384237463586032, 14.383413912728429, 14.382808274589479, 14.382186143659055, 14.381722592748702, 14.381420609541237, 14.381014830432832
[128, 32, [32, 64, 128, 128], [0.1, 0.1, 1, 0.001, 0.001, 1e-10], 0.01, 1]: 12.07475723233074, 7.430661394260824, 7.425370129290968, 7.423972710035741, 7.423393029719591, 7.42315492592752, 7.4229788039810956, 7.422858260571957, 7.422792138997465, 7.4227471821941435, 7.42271855706349, 7.422693960834295, 7.422677325550467, 7.422650555614382, 7.422645014245063, 7.422632071189582, 7.422617967706174, 7.422608370427042, 7.422596254851669, 7.422590611502528
[128, 32, [32, 64, 128, 128], [0.1, 0.1, 1, 0.001, 0.001, 1e-10], 0.01, 4]: 16.925649881362915, 14.377693699672818, 14.374016189016402, 14.373087870888412, 14.372756184078753, 14.372613003477454, 14.372508433647454, 14.372465696185827, 14.372420633211732, 14.372396514751017, 14.37239370122552, 14.37236978765577, 14.372361853718758, 14.372353813610971, 14.37234131153673, 14.372345271520317, 14.372332291677594, 14.372326478362083, 14.372315358370543, 14.372318443842232
[128, 32, [32, 64, 128, 128], [0.1, 0.1, 1, 0.001, 0.001, 1e-10], 0.001, 1]: 25.857384429313242, 7.700281682424247, 7.6151880687102675, 7.577334449626505, 7.553399161901325, 7.5368615966290236, 7.524892318993807, 7.515989284031093, 7.509117404930294, 7.503673675004393, 7.4993363209068775, 7.495733414776623, 7.492782815825194, 7.490294321905822, 7.488163894973695, 7.48635292192921, 7.484671558253467, 7.483195093460381, 7.48191752191633, 7.480808766093105
[128, 32, [32, 64, 128, 128], [0.1, 0.1, 1, 0.001, 0.001, 1e-10], 0.001, 4]: 26.72332210931927, 14.58570022135973, 14.502214326523244, 14.467011282220483, 14.447354026138783, 14.435258951038122, 14.427362550981343, 14.422073805704713, 14.418370749801397, 14.415653322823346, 14.413597266189754, 14.412055657245219, 14.410839919000864, 14.409906506538391, 14.409144137054682, 14.408556723035872, 14.408046503551304, 14.407642443664372, 14.407322701998055, 14.407040739431977
[128, 32, [32, 64, 128, 128], [0.8, 0.8, 1, 0.01, 0.01, 1e-10], 0.01, 1]: 66.17520756274462, 59.53925708681345, 59.52810250595212, 59.52337258309126, 59.51991490647197, 59.517084430903196, 59.51476959884167, 59.51269172132015, 59.51090310513973, 59.50927161052823, 59.50774187222123, 59.50627180561423, 59.50496277958155, 59.50384433194995, 59.502783339470625, 59.50172554701567, 59.50076238065958, 59.49984842911363, 59.49894039705396, 59.49822174757719
[128, 32, [32, 64, 128, 128], [0.8, 0.8, 1, 0.01, 0.01, 1e-10], 0.01, 4]: 119.88547584414482, 115.33644256740808, 115.3224323913455, 115.3147527500987, 115.31047811359167, 115.30743364989758, 115.30486197769642, 115.30270164459944, 115.30104138702154, 115.29940434545279, 115.29827150702477, 115.29703752696514, 115.2961118593812, 115.29513956606388, 115.29439397901297, 115.29351454228163, 115.29322496056557, 115.29268188774586, 115.29221922904253, 115.29185424000025
[128, 32, [32, 64, 128, 128], [0.8, 0.8, 1, 0.01, 0.01, 1e-10], 0.001, 1]: 83.93181785196066, 59.522250059992075, 59.45338683575392, 59.42246204614639, 59.40519563481212, 59.39420718699694, 59.386654157191515, 59.381179228425026, 59.37714468315244, 59.3739250972867, 59.37140541523695, 59.36939903348684, 59.367630910128355, 59.36630115658045, 59.36512563750148, 59.36412391066551, 59.36321797221899, 59.362698059529066, 59.36198361963034, 59.3614161349833
[128, 32, [32, 64, 128, 128], [0.8, 0.8, 1, 0.01, 0.01, 1e-10], 0.001, 4]: 130.88911655545235, 115.07675475627184, 115.00842701643705, 114.98200191557407, 114.96947472542524, 114.96269328892231, 114.9576772749424, 114.9549509882927, 114.95248107612133, 114.95115644484758, 114.95001957565546, 114.94904025644064, 114.94847201555967, 114.94790171831846, 114.9474186822772, 114.94723525643349, 114.94699132442474, 114.9467113763094, 114.94655936211348, 114.94640229642391
[128, 32, [32, 64, 128, 128], [0.8, 0.8, 1, 0.001, 0.001, 1e-10], 0.01, 1]: 66.68247032910585, 59.58895118534565, 59.57877777144313, 59.57324081659317, 59.569162487983704, 59.56576440855861, 59.56277713552117, 59.560082506388426, 59.55763851106167, 59.555353220552206, 59.55328093096614, 59.551338758319616, 59.54956306517124, 59.547897428274155, 59.54634764045477, 59.54492436721921, 59.54356528446078, 59.54234468191862, 59.54115292802453, 59.54006081074476
[128, 32, [32, 64, 128, 128], [0.8, 0.8, 1, 0.001, 0.001, 1e-10], 0.01, 4]: 118.8723473995924, 115.49731972068548, 115.47346762567759, 115.45509094744921, 115.43956933170557, 115.42616372555494, 115.41438085585833, 115.40401532500982, 115.3948043063283, 115.38648372143507, 115.37875244021416, 115.37147428840399, 115.3624054864049, 115.35274463891983, 115.33764016628265, 115.30284167826176, 115.14074259251356, 79.05732088966761, 0.032755600492237136, -0.003926566647351137
[128, 32, [32, 64, 128, 128], [0.8, 0.8, 1, 0.001, 0.001, 1e-10], 0.001, 1]: 82.26274011284113, 59.59806226938963, 59.5131300278008, 59.47247873991728, 59.44785866886377, 59.43236193060875, 59.42171907052398, 59.414041213691235, 59.408263340592384, 59.40382972732186, 59.40027502551675, 59.39735561236739, 59.394926469773054, 59.392880868166685, 59.39113496616483, 59.38962824642658, 59.388306740671396, 59.38713898137212, 59.38609804213047, 59.3851736523211
[128, 32, [32, 64, 128, 128], [0.8, 0.8, 1, 0.001, 0.001, 1e-10], 0.001, 4]: 124.94912096858025, 115.18479998409748, 115.08916719257832, 115.04796843230724, 115.02523177862167, 115.01141487807035, 115.00244412571192, 114.99634927511215, 114.99205802381039, 114.98892467468977, 114.98658655583858, 114.98476282507181, 114.98332691937685, 114.98219029605389, 114.98126693814993, 114.98054096102715, 114.9799162298441, 114.97941483557224, 114.97898496687412, 114.97861939668655
[128, 32, [64, 128, 256, 128], [0.1, 0.1, 1, 0.01, 0.01, 1e-10], 0.01, 1]: 10.482566644903272, 7.38538029557094, 7.384964989498258, 7.3849227973259985, 7.384892910718918, 7.384839493315667, 7.384833412244916, 7.384784552734345, 7.3847855203785, 7.384762558154762, 7.384752938058227, 7.384715308435261, 7.384730141144246, 7.384721400216222, 7.384707794524729, 7.384696907829493, 7.3846700908616185, 7.384673784486949, 7.384665923658758, 7.384637045674026
[128, 32, [64, 128, 256, 128], [0.1, 0.1, 1, 0.01, 0.01, 1e-10], 0.01, 4]: 17.22408460639417, 14.336352325044572, 14.33526471722871, 14.335100097581744, 14.335059155710042, 14.335022494196892, 14.335023207589984, 14.335020222701132, 14.334983801469207, 14.334967006929219, 14.334954696707428, 14.334953324869275, 14.334932434372604, 14.334930159151554, 14.334896945394576, 14.334894461557269, 14.334856022149324, 14.33487946074456, 14.334844158962369, 14.334868276491761
[128, 32, [64, 128, 256, 128], [0.1, 0.1, 1, 0.01, 0.01, 1e-10], 0.001, 1]: 23.823805233463645, 7.512122125830501, 7.466287954244763, 7.452754790429026, 7.447037038393319, 7.444369737058878, 7.443146925419569, 7.4422134892083704, 7.441779933869839, 7.441406252793968, 7.441310530062765, 7.44108375068754, 7.440867139957845, 7.4405419318936765, 7.440335315652192, 7.440327096264809, 7.440312664955854, 7.440297212451696, 7.44010928273201, 7.439798794686794
[128, 32, [64, 128, 256, 128], [0.1, 0.1, 1, 0.01, 0.01, 1e-10], 0.001, 4]: 25.528400683775544, 14.421664034947753, 14.390431120991707, 14.382058047689497, 14.37854955997318, 14.376784540712833, 14.376131446100771, 14.375530330464244, 14.37543834745884, 14.375221827998757, 14.375138623639941, 14.374946454539895, 14.374919801950455, 14.374793633818626, 14.374699044972658, 14.374734706245363, 14.374622331000865, 14.374520345591009, 14.374567206948996, 14.374495138414204
[128, 32, [64, 128, 256, 128], [0.1, 0.1, 1, 0.001, 0.001, 1e-10], 0.01, 1]: 11.324964076746255, 7.424553274642676, 7.42248407099396, 7.422013259958476, 7.42186813801527, 7.4217852260917425, 7.421760906931013, 7.421761536970735, 7.421751784160733, 7.42174595920369, 7.421744509600103, 7.421749497298151, 7.421750742942095, 7.421740054618567, 7.421738289296627, 7.421738501172513, 7.421742231119424, 7.4217418055050075, 7.4217339316383, 7.4217358329333365
[128, 32, [64, 128, 256, 128], [0.1, 0.1, 1, 0.001, 0.001, 1e-10], 0.01, 4]: 17.550013578496873, 14.373701105825603, 14.37306630704552, 14.372916863299906, 14.372870151884854, 14.372830875217915, 14.372802389785647, 14.3727937778458, 14.37276533152908, 14.372766054235399, 14.372737466357648, 14.37272906396538, 14.372704326175153, 14.372679211199284, 14.372686917893589, 14.372645671479404, 14.37263101991266, 14.37263316474855, 14.37260946445167, 14.372583083808422
[128, 32, [64, 128, 256, 128], [0.1, 0.1, 1, 0.001, 0.001, 1e-10], 0.001, 1]: 26.404081921093166, 7.560541786719114, 7.498513252474368, 7.48152952734381, 7.47409783443436, 7.470270298421383, 7.468107225839049, 7.466826641000807, 7.4660335229709744, 7.465516378171742, 7.465155522804707, 7.464904431719333, 7.464710401836783, 7.464588649570942, 7.464457930531353, 7.464369181077927, 7.464317747857422, 7.464255407452583, 7.464205324649811, 7.464141106698662
[128, 32, [64, 128, 256, 128], [0.1, 0.1, 1, 0.001, 0.001, 1e-10], 0.001, 4]: 26.538871032185853, 14.541187440045178, 14.460158402100205, 14.434418123215437, 14.422280609607697, 14.415822992101312, 14.412007318809628, 14.40972737595439, 14.408261185511947, 14.407223992981017, 14.406486845575273, 14.405993606895208, 14.405668096616864, 14.405387919396162, 14.405200329609215, 14.405063254758716, 14.404941396787763, 14.404859125614166, 14.40478447265923, 14.404736558906734
[128, 32, [64, 128, 256, 128], [0.8, 0.8, 1, 0.01, 0.01, 1e-10], 0.01, 1]: 65.13171676918864, 59.51107830181718, 59.50689037516713, 59.50532715767622, 59.50403858721256, 59.50287048146129, 59.50171450898051, 59.50067199394107, 59.499694749712944, 59.49878440052271, 59.49790260195732, 59.49715863913298, 59.49645119160414, 59.49576189368963, 59.495157312601805, 59.494573045521975, 59.49405933171511, 59.493563067168, 59.493103709071875, 59.49268550053239
[128, 32, [64, 128, 256, 128], [0.8, 0.8, 1, 0.01, 0.01, 1e-10], 0.01, 4]: 119.38403993844986, 115.39761962741613, 115.38405750691891, 115.3727323487401, 115.36276127398014, 115.35398265719414, 115.34368766844273, 115.33719674497843, 115.33148455619812, 115.32647167891264, 115.32197023928165, 115.31706897169352, 115.31373174488544, 115.31081005185843, 115.30817626416683, 115.3058952242136, 115.30385460704565, 115.30203166604042, 115.30045656114817, 115.29911384731531
[128, 32, [64, 128, 256, 128], [0.8, 0.8, 1, 0.01, 0.01, 1e-10], 0.001, 1]: 79.18987729027867, 59.449401311576366, 59.40325401723385, 59.3833665959537, 59.37292868643999, 59.366947427392006, 59.36325632408261, 59.36098124831915, 59.35935725644231, 59.35821834206581, 59.35750802606344, 59.35695791989565, 59.3565453030169, 59.35618058592081, 59.356000415980816, 59.35583648458123, 59.35572250932455, 59.35559315606952, 59.35553200915456, 59.35544653609395
[128, 32, [64, 128, 256, 128], [0.8, 0.8, 1, 0.01, 0.01, 1e-10], 0.001, 4]: 126.59865053743124, 115.03140631318092, 114.98442482948303, 114.96712969988585, 114.95824068784714, 114.95321441441774, 114.94975338876247, 114.9476857110858, 114.94591739028692, 114.94509598612785, 114.94452431052923, 114.94370353966951, 114.9434519559145, 114.94266897439957, 114.94264180958271, 114.94232047349215, 114.94204612076283, 114.94164029508829, 114.94158970564604, 114.94126176834106
[128, 32, [64, 128, 256, 128], [0.8, 0.8, 1, 0.001, 0.001, 1e-10], 0.01, 1]: 66.42814678698778, 59.547410666942596, 59.544876616448164, 59.543232683092356, 59.54185024648905, 59.54058515280485, 59.539415299892426, 59.53835401311517, 59.5373458750546, 59.536417957395315, 59.53556087240577, 59.53477040305734, 59.5340259000659, 59.53334393724799, 59.5327207185328, 59.53212624788284, 59.531582452356815, 59.531064100563526, 59.53059718385339, 59.530177876353264
[128, 32, [64, 128, 256, 128], [0.8, 0.8, 1, 0.001, 0.001, 1e-10], 0.01, 4]: 118.76883669942617, 115.43919464945793, 115.42475982755423, 115.41247718036175, 115.40179917216301, 115.39248236268759, 115.38411378115416, 115.37713448703289, 115.37105624377728, 115.36573708802462, 115.36106086522341, 115.35695482045412, 115.3533492013812, 115.35017666965723, 115.3473976328969, 115.34498008340597, 115.34282895922661, 115.34095084667206, 115.33927264809608, 115.33780928701162
[128, 32, [64, 128, 256, 128], [0.8, 0.8, 1, 0.001, 0.001, 1e-10], 0.001, 1]: 82.35220439359546, 59.47532531246543, 59.42084989696741, 59.401857387274504, 59.39347907528281, 59.38912523910403, 59.38644018769264, 59.384772803634405, 59.38362359255552, 59.382806312292814, 59.382250506430864, 59.38180286437273, 59.38147994875908, 59.38123253360391, 59.38103075325489, 59.38086783885956, 59.38073077425361, 59.380634624511, 59.380556490272284, 59.380495339632034
[128, 32, [64, 128, 256, 128], [0.8, 0.8, 1, 0.001, 0.001, 1e-10], 0.001, 4]: 128.43708185106516, 115.05055169761181, 115.0089274123311, 114.9921477213502, 114.98365750908852, 114.9787784665823, 114.97585126012564, 114.97403734922409, 114.9728340357542, 114.97196690738201, 114.97141581773758, 114.97102167457342, 114.97063609957695, 114.97037898004055, 114.97017364948988, 114.9699084982276, 114.96978329122066, 114.96957457065582, 114.96943697333336, 114.96929053217173
